,symbol_string,parameters,field_shape,residual,status,tileset,comoving,tile_shape
0,01,"(18.016624921122904, 19.864394110471803, 0)","(32, 32)",2.1291464029171107e-10,-1,extra_space_padded,False,"(1, 2)"
1,02,"(17.29262014961962, 24.05298151762567, 0)","(32, 32)",9.397760699801187e-15,-1,extra_space_padded,False,"(1, 2)"
2,12,"(26.208602490024543, 32.477868835849044, 0)","(32, 32)",4.7664498656044686e-14,-1,extra_space_padded,False,"(1, 2)"
3,001,"(16.905023044855984, 25.640183030979728, 0)","(32, 32)",4.7133941388855146e-07,-1,extra_space_padded,False,"(1, 3)"
4,002,"(18.52735263940339, 29.46194469183076, 0)","(32, 32)",1.3619347544962455e-07,-1,extra_space_padded,False,"(1, 3)"
5,011,"(19.608103168925982, 34.18715868630245, 0)","(32, 32)",8.427127032859354e-06,0,extra_space_padded,False,"(1, 3)"
6,012,"(20.58415489400622, 38.92770131699232, 0)","(32, 32)",3.592252243558257e-11,-1,extra_space_padded,False,"(1, 3)"
7,021,"(20.434367404062105, 39.164188732982865, 0)","(32, 32)",3.575725614746852e-07,-1,extra_space_padded,False,"(1, 3)"
8,022,"(18.71752903420654, 39.01336423887049, 0)","(32, 32)",9.1564896415941e-15,-1,extra_space_padded,False,"(1, 3)"
9,112,"(17.65255672647362, 44.81741383325898, 0)","(32, 32)",0.4226949817499399,0,extra_space_padded,False,"(1, 3)"
10,122,"(26.366043501560924, 50.71125879851039, 0)","(32, 32)",0.07489832935183362,0,extra_space_padded,False,"(1, 3)"
11,0001,"(20.826517411432675, 33.62074835141825, 0)","(32, 32)",6.7017061473371e-07,-1,extra_space_padded,False,"(1, 4)"
12,0002,"(17.20089267022506, 38.2960518913514, 0)","(32, 32)",8.80934942055462e-15,-1,extra_space_padded,False,"(1, 4)"
13,0011,"(21.359192542917643, 38.084732322512636, 0)","(32, 32)",1.3558735688747843e-09,-1,extra_space_padded,False,"(1, 4)"
14,0012,"(19.03517758703366, 42.6093969174148, 0)","(32, 32)",1.1368878884014868e-07,-1,extra_space_padded,False,"(1, 4)"
15,0021,"(31.634952578150465, 44.05626925246946, 0)","(32, 32)",0.005897637679744502,0,extra_space_padded,False,"(1, 4)"
16,0022,"(17.430757646360284, 49.496016280964454, 0)","(32, 32)",7.891040193551932e-08,-1,extra_space_padded,False,"(1, 4)"
17,0102,"(19.272891102312943, 46.08895452782584, 0)","(32, 32)",1.547572097384197e-08,-1,extra_space_padded,False,"(1, 4)"
18,0111,"(28.739844998768124, 44.99125096169036, 0)","(32, 32)",2.2146943940346955e-07,-1,extra_space_padded,False,"(1, 4)"
19,0112,"(22.37897309148781, 50.342601573973, 0)","(32, 32)",1.6224782972574957e-09,-1,extra_space_padded,False,"(1, 4)"
20,0121,"(20.575154677654307, 50.54452412359431, 0)","(32, 32)",4.1312210529511375e-13,-1,extra_space_padded,False,"(1, 4)"
21,0122,"(21.40237734258741, 53.35503236457415, 0)","(32, 32)",3.1533385450348146e-09,-1,extra_space_padded,False,"(1, 4)"
22,0211,"(19.17501001828973, 50.51151319376036, 0)","(32, 32)",4.8047527407319926e-09,-1,extra_space_padded,False,"(1, 4)"
23,0212,"(16.922986358627885, 54.036934719950786, 0)","(32, 32)",0.016189435706231492,0,extra_space_padded,False,"(1, 4)"
24,0221,"(19.894570529652405, 53.47095865994013, 0)","(32, 32)",8.521457294456437e-07,-1,extra_space_padded,False,"(1, 4)"
25,0222,"(17.62746139567239, 60.227082163570884, 0)","(32, 32)",3.248486626150953e-07,-1,extra_space_padded,False,"(1, 4)"
26,1112,"(17.124391001651347, 56.04955783409786, 0)","(32, 32)",0.27249730966585234,0,extra_space_padded,False,"(1, 4)"
27,1122,"(31.844628922081952, 64.48751846626033, 0)","(32, 32)",5.7130366773797685e-08,-1,extra_space_padded,False,"(1, 4)"
28,1222,"(54.285037917392515, 73.79812742419757, 0)","(32, 32)",0.17887380663747152,0,extra_space_padded,False,"(1, 4)"
29,0_1,"(35.68591922046753, 10.02527133333717, 0)","(32, 32)",6.97537037508511e-14,-1,extra_space_padded,False,"(2, 1)"
30,0_2,"(49.23794066336119, 12.444395460329307, 0)","(32, 32)",3.774990256843823e-11,-1,extra_space_padded,False,"(2, 1)"
31,1_2,"(39.322275119846324, 18.209204123939543, 0)","(32, 32)",0.29431687811601687,0,extra_space_padded,False,"(2, 1)"
32,00_01,"(34.45339786629558, 15.848100596818627, 0)","(32, 32)",4.870304918417134e-08,-1,extra_space_padded,False,"(2, 2)"
33,00_02,"(127.31243662296606, 23.15443072955048, 0)","(32, 32)",0.7504104728840021,0,extra_space_padded,False,"(2, 2)"
34,00_12,"(69.46332392147026, 21.51250338960548, 0)","(32, 32)",0.1767180585869635,0,extra_space_padded,False,"(2, 2)"
35,01_02,"(62.44899414478869, 22.376966856637544, 0)","(32, 32)",0.21063930114781065,0,extra_space_padded,False,"(2, 2)"
36,01_11,"(35.481058034488704, 23.050750762273033, 0)","(32, 32)",3.580535747458638e-08,-1,extra_space_padded,False,"(2, 2)"
37,01_12,"(84.4538409828304, 24.53446711135515, 0)","(32, 32)",0.02647811823955137,0,extra_space_padded,False,"(2, 2)"
38,01_20,"(63.93346231904679, 22.731145254913358, 0)","(32, 32)",0.11080794449702036,0,extra_space_padded,False,"(2, 2)"
39,01_21,"(86.85935400507677, 25.04009961781585, 0)","(32, 32)",0.03094009165513215,0,extra_space_padded,False,"(2, 2)"
40,01_22,"(59.454402636035816, 25.94387337221837, 0)","(32, 32)",0.0005455941039226691,0,extra_space_padded,False,"(2, 2)"
41,02_11,"(49.705620790659616, 24.69935901866016, 0)","(32, 32)",0.12105505102545415,0,extra_space_padded,False,"(2, 2)"
42,02_12,"(51.00777526208603, 28.795738984617152, 0)","(32, 32)",0.17167049333238582,0,extra_space_padded,False,"(2, 2)"
43,02_21,"(50.73217921678231, 26.670052943732223, 0)","(32, 32)",3.236446504310905e-08,-1,extra_space_padded,False,"(2, 2)"
44,02_22,"(72.88675016005467, 29.787068801840995, 0)","(32, 32)",0.3740431579248441,0,extra_space_padded,False,"(2, 2)"
45,11_12,"(49.621065020199644, 28.761063813176452, 0)","(32, 32)",0.2074449712085576,0,extra_space_padded,False,"(2, 2)"
46,12_22,"(53.132604830801924, 34.1631447548885, 0)","(32, 32)",0.03984939347034518,0,extra_space_padded,False,"(2, 2)"
47,000_001,"(34.83250405983389, 22.824035054706854, 0)","(32, 32)",9.34566197166867e-07,-1,extra_space_padded,False,"(2, 3)"
48,000_002,"(38.47473673683744, 24.236884840188583, 0)","(32, 32)",1.729323167530095e-07,-1,extra_space_padded,False,"(2, 3)"
49,000_011,"(33.81254567508029, 25.670821795516495, 0)","(32, 32)",2.2195403519767592e-07,-1,extra_space_padded,False,"(2, 3)"
50,000_012,"(48.96373892100895, 29.5712057727631, 0)","(32, 32)",2.365311411614077e-12,-1,extra_space_padded,False,"(2, 3)"
51,000_021,"(51.31361470142279, 29.542426531516444, 0)","(32, 32)",1.6132808600584793e-10,-1,extra_space_padded,False,"(2, 3)"
52,000_022,"(50.11240105264461, 31.929257693666482, 0)","(32, 32)",0.03741153557596868,0,extra_space_padded,False,"(2, 3)"
53,000_112,"(61.19327136732924, 31.24872985579831, 0)","(32, 32)",8.2882012105925e-12,-1,extra_space_padded,False,"(2, 3)"
54,000_122,"(36.2901142742551, 33.92666567817298, 0)","(32, 32)",0.1070449841307952,0,extra_space_padded,False,"(2, 3)"
55,001_002,"(66.40320393842359, 31.049262105289937, 0)","(32, 32)",9.905493828623948e-07,-1,extra_space_padded,False,"(2, 3)"
56,001_010,"(25.977755294180724, 24.505437591684075, 0)","(32, 32)",2.9719641336028966e-09,-1,extra_space_padded,False,"(2, 3)"
57,001_011,"(59.111326186986, 34.198288524341514, 0)","(32, 32)",2.275689847091994e-06,0,extra_space_padded,False,"(2, 3)"
58,001_012,"(57.418596710480145, 30.91060744180027, 0)","(32, 32)",0.04915327033083549,0,extra_space_padded,False,"(2, 3)"
59,001_020,"(48.95671583010823, 29.572000393296136, 0)","(32, 32)",1.5160933130647438e-08,-1,extra_space_padded,False,"(2, 3)"
60,001_021,"(66.44068108303784, 31.049529619455548, 0)","(32, 32)",2.768177670326387e-10,-1,extra_space_padded,False,"(2, 3)"
61,001_022,"(58.93240646389323, 35.17487194586901, 0)","(32, 32)",0.04915390840853462,0,extra_space_padded,False,"(2, 3)"
62,001_101,"(36.39406253633207, 29.153661294257933, 0)","(32, 32)",1.5557715389553275e-13,-1,extra_space_padded,False,"(2, 3)"
63,001_102,"(66.51095301360044, 31.050203100677745, 0)","(32, 32)",3.584058023439021e-07,-1,extra_space_padded,False,"(2, 3)"
64,001_110,"(25.060082358595764, 29.00280185119828, 0)","(32, 32)",2.805835382825012e-10,-1,extra_space_padded,False,"(2, 3)"
65,001_111,"(45.15602228307859, 32.87532894802608, 0)","(32, 32)",0.036387601746469066,0,extra_space_padded,False,"(2, 3)"
66,001_112,"(54.19405365915234, 37.315268291749206, 0)","(32, 32)",0.029269637666732982,0,extra_space_padded,False,"(2, 3)"
67,001_120,"(30.00333616701591, 31.682287657607354, 0)","(32, 32)",0.13706195262578943,0,extra_space_padded,False,"(2, 3)"
68,001_121,"(28.40684169441435, 34.97756420491073, 0)","(32, 32)",0.06734711070138909,0,extra_space_padded,False,"(2, 3)"
69,001_122,"(47.78882609305141, 38.3838332349146, 0)","(32, 32)",0.0802188008963487,0,extra_space_padded,False,"(2, 3)"
70,001_200,"(48.94117153742291, 29.571893062982628, 0)","(32, 32)",3.439129534476209e-12,-1,extra_space_padded,False,"(2, 3)"
71,001_201,"(42.77059221358576, 31.801355488965765, 0)","(32, 32)",0.09851722330771928,0,extra_space_padded,False,"(2, 3)"
72,001_202,"(37.238564057615115, 34.102689663398124, 0)","(32, 32)",0.04236307092710091,0,extra_space_padded,False,"(2, 3)"
73,001_210,"(61.234543329645476, 31.248305946649023, 0)","(32, 32)",3.7606505996736635e-08,-1,extra_space_padded,False,"(2, 3)"
74,001_211,"(34.94304609345643, 37.26468919566427, 0)","(32, 32)",0.05332672191651533,0,extra_space_padded,False,"(2, 3)"
75,001_212,"(48.68129593215609, 38.09300878613768, 0)","(32, 32)",0.13464522666081047,0,extra_space_padded,False,"(2, 3)"
76,001_220,"(46.76360738097191, 35.22521937202413, 0)","(32, 32)",0.06403358428651577,0,extra_space_padded,False,"(2, 3)"
77,001_221,"(39.98935598558349, 39.12005010333833, 0)","(32, 32)",0.006918137542555161,0,extra_space_padded,False,"(2, 3)"
78,001_222,"(42.243784927765475, 40.51778068361231, 0)","(32, 32)",0.06851272011227823,0,extra_space_padded,False,"(2, 3)"
79,002_011,"(66.48343617846628, 31.050076724539093, 0)","(32, 32)",5.131316212438805e-07,-1,extra_space_padded,False,"(2, 3)"
80,002_012,"(45.7048371032061, 41.12565476260154, 0)","(32, 32)",2.6818454407326704e-08,-1,extra_space_padded,False,"(2, 3)"
81,002_020,"(39.31334250369565, 30.849539992034455, 0)","(32, 32)",7.402290352237989e-09,-1,extra_space_padded,False,"(2, 3)"
82,002_021,"(48.582050394115534, 35.56307005957666, 0)","(32, 32)",0.07830364798255322,0,extra_space_padded,False,"(2, 3)"
83,002_022,"(47.69328387430642, 39.387192060642604, 0)","(32, 32)",0.11860767176984222,0,extra_space_padded,False,"(2, 3)"
84,002_101,"(50.34515576399241, 30.933475033949083, 0)","(32, 32)",0.06058450797564531,0,extra_space_padded,False,"(2, 3)"
85,002_102,"(35.7109827768562, 34.815930517894586, 0)","(32, 32)",6.650629985216602e-07,-1,extra_space_padded,False,"(2, 3)"
86,002_110,"(66.38693487139308, 31.0489832107221, 0)","(32, 32)",4.989930877397297e-09,-1,extra_space_padded,False,"(2, 3)"
87,002_111,"(43.32799478771916, 36.031948048254094, 0)","(32, 32)",0.1789837216376531,0,extra_space_padded,False,"(2, 3)"
88,002_112,"(66.46030874779126, 37.403653958356976, 0)","(32, 32)",0.11456591214001267,0,extra_space_padded,False,"(2, 3)"
89,002_120,"(48.3862729956928, 34.83342932752445, 0)","(32, 32)",0.17758665235484677,0,extra_space_padded,False,"(2, 3)"
90,002_121,"(65.63262893617436, 35.59377842073819, 0)","(32, 32)",2.288905096860787e-12,-1,extra_space_padded,False,"(2, 3)"
91,002_122,"(73.8680226347029, 41.15125834450666, 0)","(32, 32)",4.3288970145102046e-08,-1,extra_space_padded,False,"(2, 3)"
92,002_201,"(56.93424693065094, 35.3099606322396, 0)","(32, 32)",0.04589994682938436,0,extra_space_padded,False,"(2, 3)"
93,002_202,"(58.59296628113068, 37.909114901188914, 0)","(32, 32)",1.7920882066959295e-11,-1,extra_space_padded,False,"(2, 3)"
94,002_210,"(46.46018316991977, 34.342473075097004, 0)","(32, 32)",0.016906773430196597,0,extra_space_padded,False,"(2, 3)"
95,002_211,"(38.847177714573775, 38.446943769484236, 0)","(32, 32)",0.25453672576769093,0,extra_space_padded,False,"(2, 3)"
96,002_212,"(64.67725394995321, 41.59542842219076, 0)","(32, 32)",2.123920197685936e-11,-1,extra_space_padded,False,"(2, 3)"
97,002_220,"(55.011036313433266, 38.64133701260727, 0)","(32, 32)",0.12168533106598035,0,extra_space_padded,False,"(2, 3)"
98,002_221,"(45.77439441060217, 39.884953416805274, 0)","(32, 32)",0.04538272852735844,0,extra_space_padded,False,"(2, 3)"
99,002_222,"(40.66808730884113, 41.79726933978784, 0)","(32, 32)",0.08729753376531874,0,extra_space_padded,False,"(2, 3)"
100,011_012,"(41.17160794603371, 36.3021969643398, 0)","(32, 32)",0.08916464317980591,0,extra_space_padded,False,"(2, 3)"
101,011_021,"(26.26961138737713, 35.88637964939568, 0)","(32, 32)",0.116821038277664,0,extra_space_padded,False,"(2, 3)"
102,011_022,"(41.73249129977981, 37.778049232477684, 0)","(32, 32)",0.08524138045200515,0,extra_space_padded,False,"(2, 3)"
103,011_101,"(57.02580791390899, 34.20800642333362, 0)","(32, 32)",1.119396190862777e-06,0,extra_space_padded,False,"(2, 3)"
104,011_102,"(48.35308906290724, 34.8993833483182, 0)","(32, 32)",0.05352826360390376,0,extra_space_padded,False,"(2, 3)"
105,011_111,"(41.918692374105966, 34.31437030190697, 0)","(32, 32)",5.0332505328769204e-08,-1,extra_space_padded,False,"(2, 3)"
106,011_112,"(37.46583557003051, 38.365481731051084, 0)","(32, 32)",0.0995246140615684,0,extra_space_padded,False,"(2, 3)"
107,011_120,"(34.71719662202257, 35.5089654373152, 0)","(32, 32)",0.14048358369665895,0,extra_space_padded,False,"(2, 3)"
108,011_121,"(39.34695963915656, 38.05416635609978, 0)","(32, 32)",0.136685948613647,0,extra_space_padded,False,"(2, 3)"
109,011_122,"(48.21942290511805, 40.89250956481653, 0)","(32, 32)",0.01554913544578992,0,extra_space_padded,False,"(2, 3)"
110,011_201,"(59.91034026228203, 35.27255588118789, 0)","(32, 32)",0.07083424073238273,0,extra_space_padded,False,"(2, 3)"
111,011_202,"(52.001012420261944, 39.45362297525811, 0)","(32, 32)",0.0562592479098989,0,extra_space_padded,False,"(2, 3)"
112,011_210,"(34.03418177571414, 34.87358538731183, 0)","(32, 32)",0.20867335712481844,0,extra_space_padded,False,"(2, 3)"
113,011_211,"(54.24510946072114, 38.77994846691917, 0)","(32, 32)",0.06964846353856285,0,extra_space_padded,False,"(2, 3)"
114,011_212,"(59.91039863624907, 40.01728302952841, 0)","(32, 32)",0.018508452025670485,0,extra_space_padded,False,"(2, 3)"
115,011_220,"(61.64804917559503, 37.3468045694676, 0)","(32, 32)",0.03254447757811232,0,extra_space_padded,False,"(2, 3)"
116,011_221,"(63.39179989612233, 41.69287490594966, 0)","(32, 32)",0.021100538939624266,0,extra_space_padded,False,"(2, 3)"
117,011_222,"(56.65315722804754, 40.945953933007665, 0)","(32, 32)",0.007603179868083986,0,extra_space_padded,False,"(2, 3)"
118,012_021,"(46.67109944539783, 39.01912928391708, 0)","(32, 32)",0.09168211040214869,0,extra_space_padded,False,"(2, 3)"
119,012_022,"(37.94539839834486, 40.31512015691946, 0)","(32, 32)",5.0891076927824675e-09,-1,extra_space_padded,False,"(2, 3)"
120,012_102,"(63.129952311476515, 37.11109082513395, 0)","(32, 32)",0.04473033416544475,0,extra_space_padded,False,"(2, 3)"
121,012_111,"(84.84624260595372, 41.66982189594043, 0)","(32, 32)",0.03480925960038588,0,extra_space_padded,False,"(2, 3)"
122,012_112,"(46.462932036618234, 40.29060559322874, 0)","(32, 32)",0.029673022068948385,0,extra_space_padded,False,"(2, 3)"
123,012_120,"(50.265947691706025, 37.737372210621245, 0)","(32, 32)",0.06007511767590818,0,extra_space_padded,False,"(2, 3)"
124,012_121,"(45.65511554878778, 41.19610775517527, 0)","(32, 32)",0.06364205816365093,0,extra_space_padded,False,"(2, 3)"
125,012_122,"(67.18757997592769, 41.80108631450704, 0)","(32, 32)",1.546852570205145e-07,-1,extra_space_padded,False,"(2, 3)"
126,012_202,"(56.569519779343004, 41.6743456099624, 0)","(32, 32)",0.10211257258599976,0,extra_space_padded,False,"(2, 3)"
127,012_210,"(61.65807855284798, 40.59214286256326, 0)","(32, 32)",2.110393165017831e-07,-1,extra_space_padded,False,"(2, 3)"
128,012_211,"(51.00518506755867, 42.46009656484258, 0)","(32, 32)",0.04793990731486135,0,extra_space_padded,False,"(2, 3)"
129,012_212,"(59.352580886583354, 43.10015597811006, 0)","(32, 32)",1.6559320856146054e-12,-1,extra_space_padded,False,"(2, 3)"
130,012_220,"(50.73476387559906, 38.8933628044818, 0)","(32, 32)",0.1058426933843239,0,extra_space_padded,False,"(2, 3)"
131,012_221,"(46.10952521326318, 44.96696278816238, 0)","(32, 32)",0.213000907357555,0,extra_space_padded,False,"(2, 3)"
132,012_222,"(50.859032176609524, 46.244821442796976, 0)","(32, 32)",0.1810544783053447,0,extra_space_padded,False,"(2, 3)"
133,021_022,"(53.329623026532666, 41.709101252158646, 0)","(32, 32)",7.895897103955909e-12,-1,extra_space_padded,False,"(2, 3)"
134,021_102,"(44.07482196184228, 38.5479461821953, 0)","(32, 32)",0.09106751278279675,0,extra_space_padded,False,"(2, 3)"
135,021_111,"(50.41298078281235, 39.436442873211526, 0)","(32, 32)",5.6079845343941676e-08,-1,extra_space_padded,False,"(2, 3)"
136,021_112,"(40.271381258824505, 40.408617172610505, 0)","(32, 32)",0.0848755175683029,0,extra_space_padded,False,"(2, 3)"
137,021_121,"(50.78671874833788, 41.664425327563215, 0)","(32, 32)",0.19544430369569427,0,extra_space_padded,False,"(2, 3)"
138,021_122,"(48.66288186405848, 40.57754644517338, 0)","(32, 32)",9.250251114129305e-07,-1,extra_space_padded,False,"(2, 3)"
139,021_202,"(34.54345187573295, 38.84891997162443, 0)","(32, 32)",0.15544665183662304,0,extra_space_padded,False,"(2, 3)"
140,021_211,"(69.59987421218806, 41.61114536298707, 0)","(32, 32)",0.03725596499661953,0,extra_space_padded,False,"(2, 3)"
141,021_212,"(45.62600667924522, 41.26868897126978, 0)","(32, 32)",0.13254710651909632,0,extra_space_padded,False,"(2, 3)"
142,021_220,"(48.32372230041611, 41.8038170595802, 0)","(32, 32)",5.457499939499549e-10,-1,extra_space_padded,False,"(2, 3)"
143,021_221,"(41.54360639680007, 43.89772198856492, 0)","(32, 32)",0.24786914757216863,0,extra_space_padded,False,"(2, 3)"
144,021_222,"(50.95023548227227, 48.54379854151473, 0)","(32, 32)",0.06586319446165452,0,extra_space_padded,False,"(2, 3)"
145,022_111,"(55.69942914237891, 40.88366017065985, 0)","(32, 32)",0.061264624271606394,0,extra_space_padded,False,"(2, 3)"
146,022_112,"(42.38656516582682, 42.01206190351505, 0)","(32, 32)",0.23167247946204533,0,extra_space_padded,False,"(2, 3)"
147,022_121,"(69.96275624216567, 41.41183946937038, 0)","(32, 32)",1.3799628986041204e-10,-1,extra_space_padded,False,"(2, 3)"
148,022_122,"(49.50029184139972, 48.77387427418177, 0)","(32, 32)",0.34171312669698245,0,extra_space_padded,False,"(2, 3)"
149,022_202,"(76.54090129606895, 41.53300061374602, 0)","(32, 32)",0.054686649697654285,0,extra_space_padded,False,"(2, 3)"
150,022_211,"(51.40178881351812, 41.99471019544931, 0)","(32, 32)",0.21383324356678363,0,extra_space_padded,False,"(2, 3)"
151,022_212,"(35.78324110803594, 47.02279517328833, 0)","(32, 32)",0.3837653681903182,0,extra_space_padded,False,"(2, 3)"
152,022_221,"(39.24781580473786, 45.665314211069244, 0)","(32, 32)",0.4472689209560416,0,extra_space_padded,False,"(2, 3)"
153,022_222,"(46.653099391776415, 48.849759116619886, 0)","(32, 32)",0.21236620791814984,0,extra_space_padded,False,"(2, 3)"
154,111_112,"(72.0432238192775, 42.15008338252215, 0)","(32, 32)",0.020557016229807695,0,extra_space_padded,False,"(2, 3)"
155,111_122,"(69.31046726797682, 47.499007811642855, 0)","(32, 32)",0.0506650489014045,0,extra_space_padded,False,"(2, 3)"
156,112_121,"(48.7188969737004, 47.030132806046836, 0)","(32, 32)",0.1866492692501182,0,extra_space_padded,False,"(2, 3)"
157,112_122,"(53.4796281796359, 48.29955576282404, 0)","(32, 32)",0.08504305121468042,0,extra_space_padded,False,"(2, 3)"
158,112_212,"(54.55866618480874, 51.120995281927144, 0)","(32, 32)",0.08404969740976606,0,extra_space_padded,False,"(2, 3)"
159,112_221,"(46.13199367894913, 46.65851612903848, 0)","(32, 32)",0.16781661257356023,0,extra_space_padded,False,"(2, 3)"
160,112_222,"(37.399758823855066, 48.122681370825724, 0)","(32, 32)",0.135097340641646,0,extra_space_padded,False,"(2, 3)"
161,122_212,"(53.459083680553015, 49.461630720430584, 0)","(32, 32)",0.08701068912544402,0,extra_space_padded,False,"(2, 3)"
162,122_222,"(41.54362539244846, 50.23432240440513, 0)","(32, 32)",0.05064222216081183,0,extra_space_padded,False,"(2, 3)"
163,0000_0001,"(34.47138488922675, 28.80437604350784, 0)","(32, 32)",3.2887909065221435e-08,-1,extra_space_padded,False,"(2, 4)"
164,0000_0002,"(34.378447558619065, 30.885759465438095, 0)","(32, 32)",1.0429327033225425e-10,-1,extra_space_padded,False,"(2, 4)"
165,0000_0011,"(39.199150330325125, 30.405992945981602, 0)","(32, 32)",7.931753881201215e-05,0,extra_space_padded,False,"(2, 4)"
166,0000_0012,"(37.139875282586864, 36.661663231977265, 0)","(32, 32)",2.9003117857983137e-08,-1,extra_space_padded,False,"(2, 4)"
167,0000_0021,"(36.94120641574022, 36.65284147605228, 0)","(32, 32)",9.753819272539962e-13,-1,extra_space_padded,False,"(2, 4)"
168,0000_0022,"(40.33430490918474, 37.14086473682299, 0)","(32, 32)",8.889827248664041e-08,-1,extra_space_padded,False,"(2, 4)"
169,0000_0102,"(37.08694662344254, 36.65943665710061, 0)","(32, 32)",1.3734551629979563e-10,-1,extra_space_padded,False,"(2, 4)"
170,0000_0111,"(38.19799246743689, 34.571589435276984, 0)","(32, 32)",1.85108051284591e-11,-1,extra_space_padded,False,"(2, 4)"
171,0000_0112,"(55.666407997087546, 40.611020394683614, 0)","(32, 32)",2.2846404721314574e-09,-1,extra_space_padded,False,"(2, 4)"
172,0000_0121,"(52.647409303293195, 40.28556861974148, 0)","(32, 32)",1.9464081107573108e-07,-1,extra_space_padded,False,"(2, 4)"
173,0000_0122,"(45.88801090805057, 39.99350597331698, 0)","(32, 32)",0.02592088003320488,0,extra_space_padded,False,"(2, 4)"
174,0000_0211,"(52.24718800405262, 40.30501769080073, 0)","(32, 32)",1.0515527286233424e-10,-1,extra_space_padded,False,"(2, 4)"
175,0000_0212,"(38.110679768393545, 43.09258885614372, 0)","(32, 32)",0.0276583892919606,0,extra_space_padded,False,"(2, 4)"
176,0000_0221,"(42.93608662446043, 41.416087366463266, 0)","(32, 32)",0.10752929254687651,0,extra_space_padded,False,"(2, 4)"
177,0000_0222,"(35.99566212249526, 45.61580719166457, 0)","(32, 32)",3.1145607141355987e-07,-1,extra_space_padded,False,"(2, 4)"
178,0000_1112,"(45.7540879913954, 41.82610836649738, 0)","(32, 32)",0.023677567834226615,0,extra_space_padded,False,"(2, 4)"
179,0000_1122,"(54.28544545188211, 42.370803765219456, 0)","(32, 32)",0.08146365093309389,0,extra_space_padded,False,"(2, 4)"
180,0000_1222,"(42.45824514473487, 47.09809277175894, 0)","(32, 32)",0.08011507054983104,0,extra_space_padded,False,"(2, 4)"
181,0001_0002,"(37.01115885144085, 36.65604845946341, 0)","(32, 32)",9.306547122517736e-14,-1,extra_space_padded,False,"(2, 4)"
182,0001_0010,"(33.51686206154633, 31.225628025234883, 0)","(32, 32)",0.024241436989593076,0,extra_space_padded,False,"(2, 4)"
183,0001_0011,"(41.327047101065, 33.8760965834303, 0)","(32, 32)",2.891965170289627e-07,-1,extra_space_padded,False,"(2, 4)"
184,0001_0012,"(50.37722474860679, 39.973928458938154, 0)","(32, 32)",0.024002333744498252,0,extra_space_padded,False,"(2, 4)"
185,0001_0020,"(36.88872423380092, 36.65040338399799, 0)","(32, 32)",1.760950990860412e-09,-1,extra_space_padded,False,"(2, 4)"
186,0001_0021,"(58.48632189404105, 41.18377304727469, 0)","(32, 32)",0.06582102758291528,0,extra_space_padded,False,"(2, 4)"
187,0001_0022,"(49.27174322087742, 40.85027772849333, 0)","(32, 32)",0.059778502302585065,0,extra_space_padded,False,"(2, 4)"
188,0001_0101,"(33.33922688040261, 35.45603244662553, 0)","(32, 32)",3.7422838494223374e-08,-1,extra_space_padded,False,"(2, 4)"
189,0001_0102,"(56.61810925939436, 40.520167041984216, 0)","(32, 32)",6.455514096632057e-07,-1,extra_space_padded,False,"(2, 4)"
190,0001_0110,"(30.43542995953668, 38.36759818992873, 0)","(32, 32)",2.2383530422930527e-09,-1,extra_space_padded,False,"(2, 4)"
191,0001_0111,"(33.61465950512215, 39.91857210817642, 0)","(32, 32)",4.275659890142903e-09,-1,extra_space_padded,False,"(2, 4)"
192,0001_0112,"(31.139077451831938, 39.93551487766002, 0)","(32, 32)",0.037903517048657936,0,extra_space_padded,False,"(2, 4)"
193,0001_0120,"(56.58828200123194, 40.515167847585154, 0)","(32, 32)",5.380473177922692e-10,-1,extra_space_padded,False,"(2, 4)"
194,0001_0121,"(43.10469950147675, 41.7973113235043, 0)","(32, 32)",0.01585786927963337,0,extra_space_padded,False,"(2, 4)"
195,0001_0122,"(69.70062468999642, 43.345823753156864, 0)","(32, 32)",3.72742002178591e-13,-1,extra_space_padded,False,"(2, 4)"
196,0001_0200,"(36.94828979351338, 36.57915825398877, 0)","(32, 32)",1.7426330619951116e-08,-1,extra_space_padded,False,"(2, 4)"
197,0001_0201,"(54.009838016906244, 40.342846252137385, 0)","(32, 32)",4.765733911276087e-07,-1,extra_space_padded,False,"(2, 4)"
198,0001_0202,"(34.788189812168355, 39.729893795977624, 0)","(32, 32)",0.07050524934536252,0,extra_space_padded,False,"(2, 4)"
199,0001_0210,"(52.03219175728511, 42.4090989855635, 0)","(32, 32)",6.129411481590931e-11,-1,extra_space_padded,False,"(2, 4)"
200,0001_0211,"(41.39007794433136, 40.90481758595608, 0)","(32, 32)",0.04771571820834467,0,extra_space_padded,False,"(2, 4)"
201,0001_0212,"(42.017862389764225, 44.52947959698636, 0)","(32, 32)",6.098889585174925e-10,-1,extra_space_padded,False,"(2, 4)"
202,0001_0220,"(44.33417371771386, 41.45057470356601, 0)","(32, 32)",0.07220913913008967,0,extra_space_padded,False,"(2, 4)"
203,0001_0221,"(44.738078451107725, 43.367186979809716, 0)","(32, 32)",0.11273056122089707,0,extra_space_padded,False,"(2, 4)"
204,0001_0222,"(35.094066533631114, 50.35315136789495, 0)","(32, 32)",0.05577982417739175,0,extra_space_padded,False,"(2, 4)"
205,0001_1001,"(39.62480481034574, 34.38082295048882, 0)","(32, 32)",8.160952949730098e-12,-1,extra_space_padded,False,"(2, 4)"
206,0001_1002,"(49.752627485761344, 39.83869168451072, 0)","(32, 32)",0.01676462263136097,0,extra_space_padded,False,"(2, 4)"
207,0001_1010,"(36.58427320226169, 35.08308166354879, 0)","(32, 32)",1.6196073757594597e-12,-1,extra_space_padded,False,"(2, 4)"
208,0001_1011,"(37.8555590800999, 36.47123050440073, 0)","(32, 32)",1.3275169869787063e-13,-1,extra_space_padded,False,"(2, 4)"
209,0001_1012,"(52.16338056861108, 42.229032894408064, 0)","(32, 32)",2.398405953987691e-09,-1,extra_space_padded,False,"(2, 4)"
210,0001_1020,"(55.544998214695624, 40.61198258470166, 0)","(32, 32)",5.830147740015373e-10,-1,extra_space_padded,False,"(2, 4)"
211,0001_1021,"(44.98354531367293, 42.26214067676425, 0)","(32, 32)",0.019299840648183617,0,extra_space_padded,False,"(2, 4)"
212,0001_1022,"(55.520196059856694, 43.93730869274392, 0)","(32, 32)",0.03413621152045448,0,extra_space_padded,False,"(2, 4)"
213,0001_1100,"(30.199078197865205, 38.06882297796902, 0)","(32, 32)",3.6449901590506503e-09,-1,extra_space_padded,False,"(2, 4)"
214,0001_1101,"(33.83393045968531, 39.278936981403284, 0)","(32, 32)",5.3753561554341106e-11,-1,extra_space_padded,False,"(2, 4)"
215,0001_1102,"(27.203403073144028, 42.300832549967716, 0)","(32, 32)",4.1185223169373445e-08,-1,extra_space_padded,False,"(2, 4)"
216,0001_1110,"(33.08070351116172, 41.3648864256695, 0)","(32, 32)",2.4313080111540908e-08,-1,extra_space_padded,False,"(2, 4)"
217,0001_1111,"(60.82675555845725, 44.29798749562189, 0)","(32, 32)",0.012770838919805039,0,extra_space_padded,False,"(2, 4)"
218,0001_1112,"(55.3304998469796, 45.99194333559961, 0)","(32, 32)",0.0586835853223531,0,extra_space_padded,False,"(2, 4)"
219,0001_1120,"(62.59038879111454, 41.95286083638963, 0)","(32, 32)",0.002655677026232012,0,extra_space_padded,False,"(2, 4)"
220,0001_1121,"(36.11894304951322, 44.90570147247403, 0)","(32, 32)",0.15650796578090298,0,extra_space_padded,False,"(2, 4)"
221,0001_1122,"(39.69303509272676, 48.149873031609864, 0)","(32, 32)",0.12714799607904423,0,extra_space_padded,False,"(2, 4)"
222,0001_1200,"(56.14290689295725, 40.46540840020494, 0)","(32, 32)",6.992761138425816e-12,-1,extra_space_padded,False,"(2, 4)"
223,0001_1201,"(57.314902103951724, 40.42536271016344, 0)","(32, 32)",0.027880014428517834,0,extra_space_padded,False,"(2, 4)"
224,0001_1202,"(34.556621509902946, 43.282691051410545, 0)","(32, 32)",0.05854685329783407,0,extra_space_padded,False,"(2, 4)"
225,0001_1210,"(43.034785512198084, 41.853973435169756, 0)","(32, 32)",0.013038547379469072,0,extra_space_padded,False,"(2, 4)"
226,0001_1211,"(37.19014937662623, 45.89268988851372, 0)","(32, 32)",4.308854609676051e-10,-1,extra_space_padded,False,"(2, 4)"
227,0001_1212,"(55.06453201372755, 46.659553809750214, 0)","(32, 32)",0.03704392126127972,0,extra_space_padded,False,"(2, 4)"
228,0001_1220,"(38.52427661424859, 44.27500470352006, 0)","(32, 32)",0.014278018575938687,0,extra_space_padded,False,"(2, 4)"
229,0001_1221,"(69.3707699337237, 49.422150195810495, 0)","(32, 32)",0.06401449453834675,0,extra_space_padded,False,"(2, 4)"
230,0001_1222,"(46.36230756228383, 50.57387582151488, 0)","(32, 32)",0.037814604828030646,0,extra_space_padded,False,"(2, 4)"
231,0001_2000,"(59.859372100120574, 39.74584168496413, 0)","(32, 32)",3.0926612168575345e-07,-1,extra_space_padded,False,"(2, 4)"
232,0001_2001,"(52.78229572150152, 40.281972016434096, 0)","(32, 32)",1.7266414672317483e-08,-1,extra_space_padded,False,"(2, 4)"
233,0001_2002,"(43.760142495608854, 38.78375109093739, 0)","(32, 32)",5.619676794573861e-07,-1,extra_space_padded,False,"(2, 4)"
234,0001_2010,"(55.43172935493614, 40.61267266346316, 0)","(32, 32)",1.1436342825765899e-07,-1,extra_space_padded,False,"(2, 4)"
235,0001_2011,"(62.53275755310045, 41.953140418100794, 0)","(32, 32)",0.0033969937255383695,0,extra_space_padded,False,"(2, 4)"
236,0001_2012,"(40.25964067891063, 43.74234643776162, 0)","(32, 32)",0.1014319635416923,0,extra_space_padded,False,"(2, 4)"
237,0001_2020,"(41.288071982165775, 43.55599326711862, 0)","(32, 32)",0.018054911869214853,0,extra_space_padded,False,"(2, 4)"
238,0001_2021,"(43.74783955740221, 45.67049370770146, 0)","(32, 32)",1.0570634557165772e-07,-1,extra_space_padded,False,"(2, 4)"
239,0001_2022,"(36.24090643645563, 45.505952397776724, 0)","(32, 32)",0.11109197889441665,0,extra_space_padded,False,"(2, 4)"
240,0001_2100,"(50.50278488950725, 40.97145441752091, 0)","(32, 32)",0.046703116534932754,0,extra_space_padded,False,"(2, 4)"
241,0001_2101,"(44.30817786902001, 41.7566153039765, 0)","(32, 32)",0.024107608343750628,0,extra_space_padded,False,"(2, 4)"
242,0001_2102,"(51.55905767917582, 42.7079233284134, 0)","(32, 32)",8.583374431186664e-11,-1,extra_space_padded,False,"(2, 4)"
243,0001_2110,"(54.2700202055977, 42.3452139182207, 0)","(32, 32)",0.016572695079563396,0,extra_space_padded,False,"(2, 4)"
244,0001_2111,"(32.09412491508302, 46.016140314961106, 0)","(32, 32)",0.04812382237472414,0,extra_space_padded,False,"(2, 4)"
245,0001_2112,"(67.0965846664004, 49.84726865335271, 0)","(32, 32)",0.03491903747993254,0,extra_space_padded,False,"(2, 4)"
246,0001_2120,"(35.88932666035977, 43.6159438386051, 0)","(32, 32)",0.03536611137596494,0,extra_space_padded,False,"(2, 4)"
247,0001_2121,"(40.52447600355059, 47.62563136156896, 0)","(32, 32)",0.0862046590438183,0,extra_space_padded,False,"(2, 4)"
248,0001_2122,"(38.2418346134818, 49.49685962160349, 0)","(32, 32)",0.03363689623278046,0,extra_space_padded,False,"(2, 4)"
249,0001_2200,"(57.71002061996078, 41.07961894583437, 0)","(32, 32)",2.335549079429847e-09,-1,extra_space_padded,False,"(2, 4)"
250,0001_2201,"(46.64911013018204, 43.61459888316001, 0)","(32, 32)",0.09360206797563811,0,extra_space_padded,False,"(2, 4)"
251,0001_2202,"(51.76908351207128, 44.80482470190026, 0)","(32, 32)",0.04441080779279974,0,extra_space_padded,False,"(2, 4)"
252,0001_2210,"(49.51967997642984, 44.115887330133894, 0)","(32, 32)",0.1114702093827562,0,extra_space_padded,False,"(2, 4)"
253,0001_2211,"(41.170462747232705, 48.145902526051486, 0)","(32, 32)",0.1261773447642769,0,extra_space_padded,False,"(2, 4)"
254,0001_2212,"(39.029719758592165, 49.19247312805099, 0)","(32, 32)",0.05912289214357099,0,extra_space_padded,False,"(2, 4)"
255,0001_2220,"(66.76004274051292, 47.6569502856437, 0)","(32, 32)",0.07514153162327984,0,extra_space_padded,False,"(2, 4)"
256,0001_2221,"(54.863898521453386, 51.168913248835395, 0)","(32, 32)",0.0035458647773899793,0,extra_space_padded,False,"(2, 4)"
257,0001_2222,"(41.32717024069911, 51.186618603744805, 0)","(32, 32)",0.06805171508120036,0,extra_space_padded,False,"(2, 4)"
258,0002_0011,"(50.0282571035517, 39.903710813194245, 0)","(32, 32)",0.022473162167586325,0,extra_space_padded,False,"(2, 4)"
259,0002_0012,"(46.07921253925217, 40.34133254717741, 0)","(32, 32)",0.054574132764649536,0,extra_space_padded,False,"(2, 4)"
260,0002_0020,"(39.33553086777378, 37.43011762591369, 0)","(32, 32)",1.1202239644032573e-12,-1,extra_space_padded,False,"(2, 4)"
261,0002_0021,"(80.06061773574831, 40.96186442586566, 0)","(32, 32)",0.06142816737098093,0,extra_space_padded,False,"(2, 4)"
262,0002_0022,"(50.86489141994671, 42.14007724714894, 0)","(32, 32)",4.0816297291631724e-13,-1,extra_space_padded,False,"(2, 4)"
263,0002_0101,"(52.5563412883333, 40.289142560908786, 0)","(32, 32)",4.66751132217659e-08,-1,extra_space_padded,False,"(2, 4)"
264,0002_0102,"(44.15638082298486, 39.88654332938697, 0)","(32, 32)",0.032328629567207445,0,extra_space_padded,False,"(2, 4)"
265,0002_0110,"(52.91177573877501, 40.28272196149634, 0)","(32, 32)",4.808052696301726e-09,-1,extra_space_padded,False,"(2, 4)"
266,0002_0111,"(31.92077116238195, 40.70998686142602, 0)","(32, 32)",2.1627648001732265e-09,-1,extra_space_padded,False,"(2, 4)"
267,0002_0112,"(43.82783092467691, 45.38871435969738, 0)","(32, 32)",2.053774555787948e-07,-1,extra_space_padded,False,"(2, 4)"
268,0002_0120,"(68.68128537645667, 41.71117025762198, 0)","(32, 32)",0.037420020544170145,0,extra_space_padded,False,"(2, 4)"
269,0002_0121,"(37.36843052321489, 41.82940550198657, 0)","(32, 32)",6.81300807756187e-07,-1,extra_space_padded,False,"(2, 4)"
270,0002_0122,"(39.94904492950128, 49.366946260301255, 0)","(32, 32)",1.390614015906267e-07,-1,extra_space_padded,False,"(2, 4)"
271,0002_0201,"(50.35922476157066, 41.21422363002641, 0)","(32, 32)",0.06712845156511753,0,extra_space_padded,False,"(2, 4)"
272,0002_0202,"(50.46590528003993, 42.758937272669336, 0)","(32, 32)",0.4683952106442323,0,extra_space_padded,False,"(2, 4)"
273,0002_0210,"(76.99421155268553, 41.68228559110301, 0)","(32, 32)",0.014978309721257792,0,extra_space_padded,False,"(2, 4)"
274,0002_0211,"(24.15570043081791, 40.50761337430012, 0)","(32, 32)",4.559679822281007e-09,-1,extra_space_padded,False,"(2, 4)"
275,0002_0212,"(41.05275175186979, 48.10326108467016, 0)","(32, 32)",0.18169078000783498,0,extra_space_padded,False,"(2, 4)"
276,0002_0220,"(32.39073342412318, 42.34229254345245, 0)","(32, 32)",0.10088994669961418,0,extra_space_padded,False,"(2, 4)"
277,0002_0221,"(58.88336251403549, 49.91207805834659, 0)","(32, 32)",0.07569273797203999,0,extra_space_padded,False,"(2, 4)"
278,0002_0222,"(35.89989669075914, 51.45303345414946, 0)","(32, 32)",5.698804535206383e-07,-1,extra_space_padded,False,"(2, 4)"
279,0002_1001,"(51.19902422966002, 39.95525215126687, 0)","(32, 32)",0.029150329889592836,0,extra_space_padded,False,"(2, 4)"
280,0002_1002,"(35.010430418581805, 39.07745220753861, 0)","(32, 32)",2.8160420255545803e-09,-1,extra_space_padded,False,"(2, 4)"
281,0002_1010,"(56.64614691354018, 40.540671016541346, 0)","(32, 32)",1.3243280159060603e-08,-1,extra_space_padded,False,"(2, 4)"
282,0002_1011,"(31.902149746602564, 40.709890622045364, 0)","(32, 32)",1.8247251716275349e-09,-1,extra_space_padded,False,"(2, 4)"
283,0002_1012,"(37.092338519222544, 43.28681408137013, 0)","(32, 32)",0.5210951146955713,0,extra_space_padded,False,"(2, 4)"
284,0002_1020,"(36.415217965579, 42.01506207374881, 0)","(32, 32)",1.1085710550605868e-07,-1,extra_space_padded,False,"(2, 4)"
285,0002_1021,"(49.0112269038386, 44.894068463607354, 0)","(32, 32)",0.14196173767317458,0,extra_space_padded,False,"(2, 4)"
286,0002_1022,"(39.64593797395381, 48.0184565361129, 0)","(32, 32)",0.1463550554776529,0,extra_space_padded,False,"(2, 4)"
287,0002_1100,"(48.61424217199536, 40.938595919241045, 0)","(32, 32)",0.05705060263341909,0,extra_space_padded,False,"(2, 4)"
288,0002_1101,"(31.580877447605882, 40.82305782159108, 0)","(32, 32)",3.5999437604534447e-14,-1,extra_space_padded,False,"(2, 4)"
289,0002_1102,"(32.418002705236994, 47.64991881583599, 0)","(32, 32)",2.3729749452445534e-09,-1,extra_space_padded,False,"(2, 4)"
290,0002_1110,"(51.61212992918362, 41.694628050964866, 0)","(32, 32)",1.0119939306607798e-07,-1,extra_space_padded,False,"(2, 4)"
291,0002_1111,"(35.45087293406165, 46.60891801154859, 0)","(32, 32)",1.518410760104951e-11,-1,extra_space_padded,False,"(2, 4)"
292,0002_1112,"(36.49971738796203, 50.689297521466024, 0)","(32, 32)",1.8583533660320344e-13,-1,extra_space_padded,False,"(2, 4)"
293,0002_1120,"(44.0575900111679, 44.257528267704004, 0)","(32, 32)",0.16997917707970997,0,extra_space_padded,False,"(2, 4)"
294,0002_1121,"(59.954110579785954, 49.18244375806792, 0)","(32, 32)",0.02267222941678784,0,extra_space_padded,False,"(2, 4)"
295,0002_1122,"(47.04700879334786, 50.43698448950207, 0)","(32, 32)",0.09336864326446191,0,extra_space_padded,False,"(2, 4)"
296,0002_1200,"(33.281602855121335, 41.17249846373682, 0)","(32, 32)",1.0864738027614693e-09,-1,extra_space_padded,False,"(2, 4)"
297,0002_1201,"(35.69094198124114, 42.28477708490458, 0)","(32, 32)",0.16717495043494743,0,extra_space_padded,False,"(2, 4)"
298,0002_1202,"(49.09748817239084, 49.187407145403704, 0)","(32, 32)",0.12321754650622753,0,extra_space_padded,False,"(2, 4)"
299,0002_1210,"(51.952986799848404, 44.25066120405822, 0)","(32, 32)",0.030798001267759046,0,extra_space_padded,False,"(2, 4)"
300,0002_1211,"(45.20673261411455, 49.06060229801051, 0)","(32, 32)",0.10830513611807333,0,extra_space_padded,False,"(2, 4)"
301,0002_1212,"(46.65208464893336, 51.23343485303592, 0)","(32, 32)",0.00793496026270315,0,extra_space_padded,False,"(2, 4)"
302,0002_1220,"(62.27143051578751, 46.117105339385375, 0)","(32, 32)",0.16061567670825005,0,extra_space_padded,False,"(2, 4)"
303,0002_1221,"(56.895791857421926, 49.142138433423085, 0)","(32, 32)",0.07796450265620523,0,extra_space_padded,False,"(2, 4)"
304,0002_1222,"(53.31342110447777, 51.49923800201098, 0)","(32, 32)",0.10457650052534355,0,extra_space_padded,False,"(2, 4)"
305,0002_2001,"(78.61368577029684, 41.65628504279939, 0)","(32, 32)",0.026718202597429647,0,extra_space_padded,False,"(2, 4)"
306,0002_2002,"(50.86489141994675, 42.140077247148945, 0)","(32, 32)",4.081629719432085e-13,-1,extra_space_padded,False,"(2, 4)"
307,0002_2010,"(39.453667849009804, 41.57684424960567, 0)","(32, 32)",1.8271475719613521e-07,-1,extra_space_padded,False,"(2, 4)"
308,0002_2011,"(45.698034668298746, 44.78313456472383, 0)","(32, 32)",0.08929389222142951,0,extra_space_padded,False,"(2, 4)"
309,0002_2012,"(32.539871672721766, 46.659741990448424, 0)","(32, 32)",0.36613065029375197,0,extra_space_padded,False,"(2, 4)"
310,0002_2020,"(59.8402209337756, 45.53015782601132, 0)","(32, 32)",3.499317293703729e-11,-1,extra_space_padded,False,"(2, 4)"
311,0002_2021,"(32.42926692719663, 47.02932372545218, 0)","(32, 32)",0.1316955983002992,0,extra_space_padded,False,"(2, 4)"
312,0002_2022,"(84.53004989731944, 50.6828679477945, 0)","(32, 32)",0.02176778963106197,0,extra_space_padded,False,"(2, 4)"
313,0002_2100,"(77.05293478086708, 41.899043883335004, 0)","(32, 32)",0.037596395255746796,0,extra_space_padded,False,"(2, 4)"
314,0002_2101,"(42.39764739948668, 41.86281583483865, 0)","(32, 32)",0.09310454444757824,0,extra_space_padded,False,"(2, 4)"
315,0002_2102,"(56.74892148758724, 50.19024463926226, 0)","(32, 32)",0.023716140719654593,0,extra_space_padded,False,"(2, 4)"
316,0002_2110,"(38.58718073434869, 45.85763544594769, 0)","(32, 32)",0.11689271223024116,0,extra_space_padded,False,"(2, 4)"
317,0002_2111,"(45.958604582382314, 49.43307351278037, 0)","(32, 32)",0.10060872824027205,0,extra_space_padded,False,"(2, 4)"
318,0002_2112,"(49.282431555509724, 50.725183284351104, 0)","(32, 32)",0.061182249598368835,0,extra_space_padded,False,"(2, 4)"
319,0002_2120,"(57.3058892528129, 46.16779321298784, 0)","(32, 32)",0.04709226648546352,0,extra_space_padded,False,"(2, 4)"
320,0002_2121,"(63.18219022851023, 49.9411053252052, 0)","(32, 32)",0.017488168966132044,0,extra_space_padded,False,"(2, 4)"
321,0002_2122,"(41.133960948282436, 49.89675211253325, 0)","(32, 32)",0.0372466109957754,0,extra_space_padded,False,"(2, 4)"
322,0002_2200,"(32.390733424123844, 42.342292543452295, 0)","(32, 32)",0.1008899466996353,0,extra_space_padded,False,"(2, 4)"
323,0002_2201,"(47.766629634107666, 47.0818157165151, 0)","(32, 32)",5.137389302948978e-10,-1,extra_space_padded,False,"(2, 4)"
324,0002_2202,"(35.89989669075918, 51.45303345414948, 0)","(32, 32)",5.698804535189193e-07,-1,extra_space_padded,False,"(2, 4)"
325,0002_2210,"(52.052502256485646, 47.317316142404486, 0)","(32, 32)",0.08076720519938299,0,extra_space_padded,False,"(2, 4)"
326,0002_2211,"(39.35072821459888, 49.64993626122863, 0)","(32, 32)",0.0982031132173396,0,extra_space_padded,False,"(2, 4)"
327,0002_2212,"(38.278076865319385, 51.27229279809152, 0)","(32, 32)",0.09421553587226601,0,extra_space_padded,False,"(2, 4)"
328,0002_2220,"(53.01175056405531, 48.63109954278036, 0)","(32, 32)",0.41244022761998717,0,extra_space_padded,False,"(2, 4)"
329,0002_2221,"(41.07469223573047, 51.71195852299437, 0)","(32, 32)",0.05642467236737802,0,extra_space_padded,False,"(2, 4)"
330,0002_2222,"(51.44083127653939, 52.95245325934758, 0)","(32, 32)",0.22039063068558873,0,extra_space_padded,False,"(2, 4)"
331,0011_0012,"(34.11322376586162, 40.13415495708642, 0)","(32, 32)",0.06584090755286245,0,extra_space_padded,False,"(2, 4)"
332,0011_0021,"(47.00928253385389, 39.930521222432844, 0)","(32, 32)",0.03470409135883744,0,extra_space_padded,False,"(2, 4)"
333,0011_0022,"(41.59130023083085, 45.033283122600146, 0)","(32, 32)",0.060222842361390916,0,extra_space_padded,False,"(2, 4)"
334,0011_0101,"(36.86904675185538, 37.78417184482194, 0)","(32, 32)",1.7139016971647265e-09,-1,extra_space_padded,False,"(2, 4)"
335,0011_0102,"(27.140354769756577, 42.24823929626726, 0)","(32, 32)",4.734755580298326e-08,-1,extra_space_padded,False,"(2, 4)"
336,0011_0110,"(33.23089327878293, 40.62940073907439, 0)","(32, 32)",4.600217878466201e-14,-1,extra_space_padded,False,"(2, 4)"
337,0011_0111,"(40.378771086625406, 45.38049807154606, 0)","(32, 32)",4.027890607898322e-11,-1,extra_space_padded,False,"(2, 4)"
338,0011_0112,"(40.21940080595958, 44.517943959941746, 0)","(32, 32)",5.042963536000971e-12,-1,extra_space_padded,False,"(2, 4)"
339,0011_0120,"(39.42478515104442, 41.07696932684901, 0)","(32, 32)",0.05126851268688125,0,extra_space_padded,False,"(2, 4)"
340,0011_0121,"(46.108669804956875, 45.233441634784484, 0)","(32, 32)",0.061437811261214295,0,extra_space_padded,False,"(2, 4)"
341,0011_0122,"(34.84100617213415, 47.4553113915302, 0)","(32, 32)",0.1683596907631404,0,extra_space_padded,False,"(2, 4)"
342,0011_0201,"(51.00215355369669, 40.00301247052843, 0)","(32, 32)",1.990403126498397e-07,-1,extra_space_padded,False,"(2, 4)"
343,0011_0202,"(29.661678499110128, 43.65774848276203, 0)","(32, 32)",0.04433643238525541,0,extra_space_padded,False,"(2, 4)"
344,0011_0210,"(45.33206660401157, 43.217760876828464, 0)","(32, 32)",4.95430645355868e-08,-1,extra_space_padded,False,"(2, 4)"
345,0011_0211,"(49.514975985529524, 45.85046113913051, 0)","(32, 32)",0.059292089204059366,0,extra_space_padded,False,"(2, 4)"
346,0011_0212,"(49.60003831443015, 45.53151317648174, 0)","(32, 32)",7.888574971762498e-07,-1,extra_space_padded,False,"(2, 4)"
347,0011_0220,"(54.58772885808313, 44.32953832411688, 0)","(32, 32)",5.702324627267461e-07,-1,extra_space_padded,False,"(2, 4)"
348,0011_0221,"(42.999554257136225, 47.118031325268916, 0)","(32, 32)",0.06977390409989659,0,extra_space_padded,False,"(2, 4)"
349,0011_0222,"(37.46449754928977, 48.54615616071932, 0)","(32, 32)",0.06198060644955275,0,extra_space_padded,False,"(2, 4)"
350,0011_1002,"(31.836512497591794, 40.70996187829884, 0)","(32, 32)",1.2753634918394754e-11,-1,extra_space_padded,False,"(2, 4)"
351,0011_1010,"(36.50539444305105, 37.82868883501836, 0)","(32, 32)",1.0858713278772691e-07,-1,extra_space_padded,False,"(2, 4)"
352,0011_1011,"(40.41733505553253, 45.368848183820774, 0)","(32, 32)",8.994887459941194e-08,-1,extra_space_padded,False,"(2, 4)"
353,0011_1012,"(52.0265761355179, 46.32933981973023, 0)","(32, 32)",1.6730848461886203e-08,-1,extra_space_padded,False,"(2, 4)"
354,0011_1020,"(33.338845761628136, 42.327897204158674, 0)","(32, 32)",0.0001682560072994184,0,extra_space_padded,False,"(2, 4)"
355,0011_1021,"(54.60420668209075, 44.19317656253689, 0)","(32, 32)",2.2331549848489864e-10,-1,extra_space_padded,False,"(2, 4)"
356,0011_1022,"(72.98909128322053, 48.30471552228487, 0)","(32, 32)",4.4909024474637874e-07,-1,extra_space_padded,False,"(2, 4)"
357,0011_1101,"(49.33267963679226, 42.05529392332383, 0)","(32, 32)",0.01725948446692379,0,extra_space_padded,False,"(2, 4)"
358,0011_1102,"(38.84653826227687, 45.38664440883295, 0)","(32, 32)",4.73814643762733e-12,-1,extra_space_padded,False,"(2, 4)"
359,0011_1110,"(44.33438670804719, 44.358046612659884, 0)","(32, 32)",0.00018523852268710042,0,extra_space_padded,False,"(2, 4)"
360,0011_1111,"(36.675636899460294, 46.08084893243815, 0)","(32, 32)",8.604295076374163e-12,-1,extra_space_padded,False,"(2, 4)"
361,0011_1112,"(44.284090606720014, 51.161770081249706, 0)","(32, 32)",0.004919885243974474,0,extra_space_padded,False,"(2, 4)"
362,0011_1120,"(40.77889691139918, 44.867153242061114, 0)","(32, 32)",0.10683861476972552,0,extra_space_padded,False,"(2, 4)"
363,0011_1121,"(35.77072528883915, 47.77632485163975, 0)","(32, 32)",0.1433599567018299,0,extra_space_padded,False,"(2, 4)"
364,0011_1122,"(45.209326506928136, 50.756304443386846, 0)","(32, 32)",7.981930574368405e-09,-1,extra_space_padded,False,"(2, 4)"
365,0011_1200,"(33.69584126012124, 41.963468033441124, 0)","(32, 32)",0.0613560203564473,0,extra_space_padded,False,"(2, 4)"
366,0011_1201,"(34.84362869728097, 44.52892831418792, 0)","(32, 32)",0.14415051390839775,0,extra_space_padded,False,"(2, 4)"
367,0011_1202,"(50.35466400212592, 48.44829371039412, 0)","(32, 32)",4.791893593188169e-09,-1,extra_space_padded,False,"(2, 4)"
368,0011_1210,"(48.950112210217746, 45.45316005456975, 0)","(32, 32)",0.06310044842708291,0,extra_space_padded,False,"(2, 4)"
369,0011_1211,"(49.964042248279526, 48.81125871473507, 0)","(32, 32)",0.06706280629735657,0,extra_space_padded,False,"(2, 4)"
370,0011_1212,"(50.83357211175039, 50.75017825149047, 0)","(32, 32)",0.055517748627487304,0,extra_space_padded,False,"(2, 4)"
371,0011_1220,"(33.02395473673753, 47.64600643520484, 0)","(32, 32)",0.14285483781599778,0,extra_space_padded,False,"(2, 4)"
372,0011_1221,"(45.84050859617632, 50.65753109404961, 0)","(32, 32)",0.041518663204223545,0,extra_space_padded,False,"(2, 4)"
373,0011_1222,"(38.955848463612426, 52.00440227336951, 0)","(32, 32)",0.15245748905943562,0,extra_space_padded,False,"(2, 4)"
374,0011_2001,"(52.58299937570187, 42.136067667935016, 0)","(32, 32)",0.009344650656410486,0,extra_space_padded,False,"(2, 4)"
375,0011_2002,"(49.882837680498874, 42.96801341352443, 0)","(32, 32)",1.1258502661818818e-11,-1,extra_space_padded,False,"(2, 4)"
376,0011_2010,"(46.5421024221294, 41.256450213253714, 0)","(32, 32)",0.05347003051314317,0,extra_space_padded,False,"(2, 4)"
377,0011_2011,"(35.642498604422954, 45.77185149752597, 0)","(32, 32)",1.5484535750515004e-11,-1,extra_space_padded,False,"(2, 4)"
378,0011_2012,"(38.88488848608705, 45.35696497329208, 0)","(32, 32)",0.09727939448375657,0,extra_space_padded,False,"(2, 4)"
379,0011_2020,"(38.15437592253476, 44.16362422124659, 0)","(32, 32)",1.3376879452835536e-11,-1,extra_space_padded,False,"(2, 4)"
380,0011_2021,"(40.774698521428625, 47.023559841413984, 0)","(32, 32)",0.07361227040233739,0,extra_space_padded,False,"(2, 4)"
381,0011_2022,"(35.53160670163898, 50.234290594204474, 0)","(32, 32)",0.05228418641864156,0,extra_space_padded,False,"(2, 4)"
382,0011_2100,"(35.54867299098118, 41.77688618932958, 0)","(32, 32)",3.912023958965988e-08,-1,extra_space_padded,False,"(2, 4)"
383,0011_2101,"(45.070374509729106, 45.52696002780014, 0)","(32, 32)",0.05941197080485998,0,extra_space_padded,False,"(2, 4)"
384,0011_2102,"(47.526080668237974, 48.388932538356784, 0)","(32, 32)",0.08752458739564001,0,extra_space_padded,False,"(2, 4)"
385,0011_2110,"(35.64109787869136, 45.771488454874195, 0)","(32, 32)",5.266163869835477e-07,-1,extra_space_padded,False,"(2, 4)"
386,0011_2111,"(39.3468055951558, 47.94023531427869, 0)","(32, 32)",0.11315330687791858,0,extra_space_padded,False,"(2, 4)"
387,0011_2112,"(44.20881403635655, 51.5880214449569, 0)","(32, 32)",9.187922961515243e-08,-1,extra_space_padded,False,"(2, 4)"
388,0011_2120,"(40.470361222239646, 47.11940188540646, 0)","(32, 32)",0.03310626271467351,0,extra_space_padded,False,"(2, 4)"
389,0011_2121,"(49.06443606539534, 50.654202489005385, 0)","(32, 32)",0.12589106011374984,0,extra_space_padded,False,"(2, 4)"
390,0011_2122,"(36.63996740073587, 51.4060567560238, 0)","(32, 32)",0.11533087408000012,0,extra_space_padded,False,"(2, 4)"
391,0011_2200,"(55.05133177751461, 43.84116217090189, 0)","(32, 32)",2.773484480715147e-07,-1,extra_space_padded,False,"(2, 4)"
392,0011_2201,"(58.195150248008105, 47.09917602903689, 0)","(32, 32)",0.09296968004609799,0,extra_space_padded,False,"(2, 4)"
393,0011_2202,"(45.07101614565017, 49.233802619446344, 0)","(32, 32)",0.11495776774298405,0,extra_space_padded,False,"(2, 4)"
394,0011_2210,"(37.633166586906334, 47.28806972420387, 0)","(32, 32)",0.14331621028013383,0,extra_space_padded,False,"(2, 4)"
395,0011_2211,"(44.59141254381037, 50.75813491927902, 0)","(32, 32)",0.07984713430935525,0,extra_space_padded,False,"(2, 4)"
396,0011_2212,"(77.27414171925088, 52.190893531972634, 0)","(32, 32)",8.65317092544517e-07,-1,extra_space_padded,False,"(2, 4)"
397,0011_2220,"(41.00906610557619, 50.36311810286554, 0)","(32, 32)",0.047994631773375,0,extra_space_padded,False,"(2, 4)"
398,0011_2221,"(41.99797762906335, 51.84590585373357, 0)","(32, 32)",0.16128212695886482,0,extra_space_padded,False,"(2, 4)"
399,0011_2222,"(55.218035043392206, 52.16794743892404, 0)","(32, 32)",0.10552971728547621,0,extra_space_padded,False,"(2, 4)"
400,0012_0021,"(56.17037357608401, 43.347804675981756, 0)","(32, 32)",0.0166263836800764,0,extra_space_padded,False,"(2, 4)"
401,0012_0022,"(38.886467662385115, 48.07331915375153, 0)","(32, 32)",0.16852168608697,0,extra_space_padded,False,"(2, 4)"
402,0012_0101,"(72.13911637475923, 40.29239242755942, 0)","(32, 32)",0.01185864649718155,0,extra_space_padded,False,"(2, 4)"
403,0012_0102,"(36.53983032854639, 44.19995054881227, 0)","(32, 32)",0.1678380658750668,0,extra_space_padded,False,"(2, 4)"
404,0012_0111,"(37.889649403091845, 43.03130721705184, 0)","(32, 32)",2.0135393236670383e-10,-1,extra_space_padded,False,"(2, 4)"
405,0012_0112,"(36.40920210198111, 50.97823424308547, 0)","(32, 32)",1.8165924364023718e-09,-1,extra_space_padded,False,"(2, 4)"
406,0012_0120,"(43.16601025975728, 42.288401867999596, 0)","(32, 32)",0.07440926683076994,0,extra_space_padded,False,"(2, 4)"
407,0012_0121,"(54.03531157270236, 49.49683120331793, 0)","(32, 32)",0.06871748549243042,0,extra_space_padded,False,"(2, 4)"
408,0012_0122,"(68.31093819190713, 50.17991019212647, 0)","(32, 32)",0.01682958800746621,0,extra_space_padded,False,"(2, 4)"
409,0012_0201,"(39.802928391384306, 42.31774969674051, 0)","(32, 32)",0.1600462852911711,0,extra_space_padded,False,"(2, 4)"
410,0012_0202,"(52.48756057304679, 46.90933168919825, 0)","(32, 32)",0.20484185687340467,0,extra_space_padded,False,"(2, 4)"
411,0012_0210,"(53.48347069648996, 43.70704586154779, 0)","(32, 32)",5.712707033228106e-09,-1,extra_space_padded,False,"(2, 4)"
412,0012_0211,"(56.837522735215416, 50.72103674615492, 0)","(32, 32)",0.09657200468843352,0,extra_space_padded,False,"(2, 4)"
413,0012_0212,"(47.20126837937377, 49.98753165682241, 0)","(32, 32)",0.09066685618845731,0,extra_space_padded,False,"(2, 4)"
414,0012_0220,"(57.26837030424237, 44.51411582159747, 0)","(32, 32)",0.12539451572925783,0,extra_space_padded,False,"(2, 4)"
415,0012_0221,"(46.002102081909996, 50.66040655807964, 0)","(32, 32)",0.05401173752636991,0,extra_space_padded,False,"(2, 4)"
416,0012_0222,"(35.0410078165696, 51.06453352768214, 0)","(32, 32)",0.07377904221737727,0,extra_space_padded,False,"(2, 4)"
417,0012_1002,"(37.95372256447865, 45.665567619325586, 0)","(32, 32)",2.810594588561671e-12,-1,extra_space_padded,False,"(2, 4)"
418,0012_1010,"(49.230937918939176, 42.18797747616962, 0)","(32, 32)",0.05713476764806545,0,extra_space_padded,False,"(2, 4)"
419,0012_1011,"(47.23556371129425, 44.66157745730114, 0)","(32, 32)",6.106495134710061e-11,-1,extra_space_padded,False,"(2, 4)"
420,0012_1012,"(36.64050969583416, 50.646480254613095, 0)","(32, 32)",3.947189147729236e-12,-1,extra_space_padded,False,"(2, 4)"
421,0012_1020,"(43.11974702194047, 42.22595333425742, 0)","(32, 32)",0.18761192423178477,0,extra_space_padded,False,"(2, 4)"
422,0012_1021,"(38.077019429741746, 46.15155251756884, 0)","(32, 32)",0.201529946287994,0,extra_space_padded,False,"(2, 4)"
423,0012_1022,"(34.09466533616114, 49.573348458575595, 0)","(32, 32)",0.08008595558816371,0,extra_space_padded,False,"(2, 4)"
424,0012_1101,"(40.036830834903405, 44.53835900542797, 0)","(32, 32)",0.0808591282236798,0,extra_space_padded,False,"(2, 4)"
425,0012_1102,"(42.24701415824186, 50.516635352965594, 0)","(32, 32)",0.00025185554073355845,0,extra_space_padded,False,"(2, 4)"
426,0012_1110,"(37.26628403959036, 45.40514508859253, 0)","(32, 32)",0.07507493581082142,0,extra_space_padded,False,"(2, 4)"
427,0012_1111,"(47.7132378558218, 50.78413161137259, 0)","(32, 32)",1.0255727174255026e-08,-1,extra_space_padded,False,"(2, 4)"
428,0012_1112,"(40.27231440833071, 50.73135334811007, 0)","(32, 32)",0.03366083806381088,0,extra_space_padded,False,"(2, 4)"
429,0012_1120,"(53.55770017823592, 50.60151780237693, 0)","(32, 32)",0.1475395992430479,0,extra_space_padded,False,"(2, 4)"
430,0012_1121,"(57.5171947946542, 51.36699057668075, 0)","(32, 32)",0.07077979685742856,0,extra_space_padded,False,"(2, 4)"
431,0012_1122,"(36.08071417959465, 52.56993864856582, 0)","(32, 32)",0.044871191712136334,0,extra_space_padded,False,"(2, 4)"
432,0012_1201,"(38.538089668016745, 47.95749787781634, 0)","(32, 32)",0.22358119610187105,0,extra_space_padded,False,"(2, 4)"
433,0012_1202,"(37.4889246560722, 49.08623578971152, 0)","(32, 32)",0.13599134271035207,0,extra_space_padded,False,"(2, 4)"
434,0012_1210,"(50.18188886516301, 49.65275012349797, 0)","(32, 32)",0.07512786934403588,0,extra_space_padded,False,"(2, 4)"
435,0012_1211,"(59.320385270867426, 51.40581973015042, 0)","(32, 32)",0.04698625283366334,0,extra_space_padded,False,"(2, 4)"
436,0012_1212,"(40.271944694760435, 51.9111462786099, 0)","(32, 32)",0.09821345530560409,0,extra_space_padded,False,"(2, 4)"
437,0012_1220,"(63.44992620574119, 50.400678006285034, 0)","(32, 32)",0.029897605205770478,0,extra_space_padded,False,"(2, 4)"
438,0012_1221,"(49.25052566075508, 51.98918393006024, 0)","(32, 32)",0.10703009983360133,0,extra_space_padded,False,"(2, 4)"
439,0012_1222,"(36.13025416659076, 53.98287106442447, 0)","(32, 32)",0.1754676447108514,0,extra_space_padded,False,"(2, 4)"
440,0012_2002,"(44.31030671462358, 47.08667806473827, 0)","(32, 32)",0.12922538943825373,0,extra_space_padded,False,"(2, 4)"
441,0012_2010,"(40.158433499459186, 43.3436622123554, 0)","(32, 32)",0.1245066684115316,0,extra_space_padded,False,"(2, 4)"
442,0012_2011,"(34.480511578778916, 47.727436189748104, 0)","(32, 32)",0.12124740996160312,0,extra_space_padded,False,"(2, 4)"
443,0012_2012,"(46.166051740157435, 51.155065557440345, 0)","(32, 32)",0.04183717029675296,0,extra_space_padded,False,"(2, 4)"
444,0012_2020,"(41.85704779214983, 46.450645313882546, 0)","(32, 32)",0.055806958577771765,0,extra_space_padded,False,"(2, 4)"
445,0012_2021,"(40.908983963067605, 51.13111002770587, 0)","(32, 32)",0.11508147919372355,0,extra_space_padded,False,"(2, 4)"
446,0012_2022,"(37.34375918797977, 51.21460211497538, 0)","(32, 32)",0.04858024321359088,0,extra_space_padded,False,"(2, 4)"
447,0012_2100,"(36.25803089074233, 43.651243833059645, 0)","(32, 32)",0.19180107302135044,0,extra_space_padded,False,"(2, 4)"
448,0012_2101,"(43.45837298841024, 48.04642434754979, 0)","(32, 32)",0.0811491877481579,0,extra_space_padded,False,"(2, 4)"
449,0012_2102,"(44.53444118770461, 50.24263431891743, 0)","(32, 32)",0.10668736642209833,0,extra_space_padded,False,"(2, 4)"
450,0012_2110,"(42.27155136642907, 48.68679094133605, 0)","(32, 32)",0.09927852832371076,0,extra_space_padded,False,"(2, 4)"
451,0012_2111,"(47.62196381700585, 51.35954979900852, 0)","(32, 32)",0.02686108960620968,0,extra_space_padded,False,"(2, 4)"
452,0012_2112,"(35.27858597877284, 52.09423807574045, 0)","(32, 32)",0.07655585398841853,0,extra_space_padded,False,"(2, 4)"
453,0012_2120,"(46.62931616906534, 50.59092740821592, 0)","(32, 32)",0.06503704450525934,0,extra_space_padded,False,"(2, 4)"
454,0012_2121,"(44.6424918187068, 52.65373837262876, 0)","(32, 32)",0.07330186940640392,0,extra_space_padded,False,"(2, 4)"
455,0012_2122,"(35.1897953405414, 54.47115035111197, 0)","(32, 32)",0.24275473563225003,0,extra_space_padded,False,"(2, 4)"
456,0012_2200,"(46.13534138849297, 45.7988508520564, 0)","(32, 32)",0.16867226969108948,0,extra_space_padded,False,"(2, 4)"
457,0012_2201,"(61.06014699452918, 50.54700352158779, 0)","(32, 32)",0.007055460324864114,0,extra_space_padded,False,"(2, 4)"
458,0012_2202,"(44.188552460616336, 50.955829591811856, 0)","(32, 32)",0.07641640107451474,0,extra_space_padded,False,"(2, 4)"
459,0012_2210,"(50.22212649064621, 50.485909028450905, 0)","(32, 32)",0.09527014471252102,0,extra_space_padded,False,"(2, 4)"
460,0012_2211,"(43.56143336827545, 52.307963639771366, 0)","(32, 32)",0.05963016774052354,0,extra_space_padded,False,"(2, 4)"
461,0012_2212,"(38.00004712724463, 54.20681022924646, 0)","(32, 32)",0.13997165309839807,0,extra_space_padded,False,"(2, 4)"
462,0012_2220,"(40.916545365904355, 51.49002921883395, 0)","(32, 32)",0.14681249938431398,0,extra_space_padded,False,"(2, 4)"
463,0012_2221,"(33.58089667672799, 54.71981233699859, 0)","(32, 32)",0.23581559626816945,0,extra_space_padded,False,"(2, 4)"
464,0012_2222,"(44.60627233204764, 54.61371325083924, 0)","(32, 32)",2.625161632956896e-09,-1,extra_space_padded,False,"(2, 4)"
465,0021_0022,"(62.12023103050255, 47.70382942817347, 0)","(32, 32)",0.22886491436779363,0,extra_space_padded,False,"(2, 4)"
466,0021_0101,"(32.8326085691671, 41.97361463279607, 0)","(32, 32)",1.1930891115667928e-07,-1,extra_space_padded,False,"(2, 4)"
467,0021_0102,"(42.16947568612552, 45.732451034347235, 0)","(32, 32)",0.01273145747116428,0,extra_space_padded,False,"(2, 4)"
468,0021_0111,"(67.51636300484529, 46.23718148500283, 0)","(32, 32)",7.993542308160253e-07,-1,extra_space_padded,False,"(2, 4)"
469,0021_0112,"(55.41987920380204, 49.15211702414248, 0)","(32, 32)",0.09485245062959637,0,extra_space_padded,False,"(2, 4)"
470,0021_0121,"(35.473281621298234, 50.23867320902098, 0)","(32, 32)",5.654923197152348e-12,-1,extra_space_padded,False,"(2, 4)"
471,0021_0122,"(38.253203284934614, 50.420977392882314, 0)","(32, 32)",0.09276751028278471,0,extra_space_padded,False,"(2, 4)"
472,0021_0201,"(47.844283499113914, 42.58319156301565, 0)","(32, 32)",4.631710703533442e-07,-1,extra_space_padded,False,"(2, 4)"
473,0021_0202,"(50.96159063663122, 45.666132801655145, 0)","(32, 32)",1.354363805694537e-07,-1,extra_space_padded,False,"(2, 4)"
474,0021_0210,"(47.286707329140704, 44.94959662078099, 0)","(32, 32)",4.840509378707822e-09,-1,extra_space_padded,False,"(2, 4)"
475,0021_0211,"(48.44499113084309, 49.22078098790312, 0)","(32, 32)",0.1379168174863351,0,extra_space_padded,False,"(2, 4)"
476,0021_0212,"(54.597203180529625, 51.3158941748436, 0)","(32, 32)",0.03442085992221711,0,extra_space_padded,False,"(2, 4)"
477,0021_0220,"(61.16553934711396, 48.29613564646039, 0)","(32, 32)",4.814080565092138e-08,-1,extra_space_padded,False,"(2, 4)"
478,0021_0221,"(38.244616173071734, 50.287304677337765, 0)","(32, 32)",9.805794412823985e-07,-1,extra_space_padded,False,"(2, 4)"
479,0021_0222,"(41.994599750512414, 50.88915384911133, 0)","(32, 32)",0.10674824519503015,0,extra_space_padded,False,"(2, 4)"
480,0021_1010,"(30.344731227133682, 40.80715379179597, 0)","(32, 32)",1.3591330302344268e-09,-1,extra_space_padded,False,"(2, 4)"
481,0021_1011,"(58.003867704812286, 46.035732200615556, 0)","(32, 32)",1.7449327502521494e-08,-1,extra_space_padded,False,"(2, 4)"
482,0021_1012,"(45.09096335222867, 47.59707776061125, 0)","(32, 32)",0.15088779954674159,0,extra_space_padded,False,"(2, 4)"
483,0021_1020,"(44.61681446320759, 44.09132290208411, 0)","(32, 32)",0.15781642569560686,0,extra_space_padded,False,"(2, 4)"
484,0021_1021,"(36.99417179530052, 50.55600861925344, 0)","(32, 32)",7.095673570372219e-11,-1,extra_space_padded,False,"(2, 4)"
485,0021_1022,"(35.845400455009596, 50.87228396183147, 0)","(32, 32)",0.09406337002139918,0,extra_space_padded,False,"(2, 4)"
486,0021_1101,"(40.59389841355008, 43.200945393203305, 0)","(32, 32)",3.406004324524137e-07,-1,extra_space_padded,False,"(2, 4)"
487,0021_1102,"(52.36651856422104, 49.07144957043262, 0)","(32, 32)",0.07000453139378798,0,extra_space_padded,False,"(2, 4)"
488,0021_1110,"(52.44839324305326, 45.61149821613768, 0)","(32, 32)",0.07082214016512932,0,extra_space_padded,False,"(2, 4)"
489,0021_1111,"(29.653396540392468, 48.59569215220324, 0)","(32, 32)",0.05882290703865657,0,extra_space_padded,False,"(2, 4)"
490,0021_1112,"(43.50720528760102, 51.385003312823436, 0)","(32, 32)",0.02864559458190043,0,extra_space_padded,False,"(2, 4)"
491,0021_1120,"(38.533538201696075, 46.85126306413684, 0)","(32, 32)",0.34210154661276443,0,extra_space_padded,False,"(2, 4)"
492,0021_1121,"(34.04316339873406, 51.80857095204047, 0)","(32, 32)",8.760733930348403e-07,-1,extra_space_padded,False,"(2, 4)"
493,0021_1122,"(37.00282621368545, 52.293169238668284, 0)","(32, 32)",5.350636461333914e-10,-1,extra_space_padded,False,"(2, 4)"
494,0021_1201,"(41.82684817973603, 49.65793010626227, 0)","(32, 32)",0.07446866115507969,0,extra_space_padded,False,"(2, 4)"
495,0021_1202,"(34.61438705553818, 48.9920303941369, 0)","(32, 32)",0.18282449060964165,0,extra_space_padded,False,"(2, 4)"
496,0021_1210,"(50.18750794512746, 48.729926068089775, 0)","(32, 32)",0.10913053141807308,0,extra_space_padded,False,"(2, 4)"
497,0021_1211,"(56.39198181615471, 50.680279786084, 0)","(32, 32)",2.2874125478037917e-09,-1,extra_space_padded,False,"(2, 4)"
498,0021_1212,"(50.04640745593062, 52.7042024559887, 0)","(32, 32)",6.67063626175441e-10,-1,extra_space_padded,False,"(2, 4)"
499,0021_1220,"(46.18770156244651, 50.184098311182474, 0)","(32, 32)",0.05962237341664565,0,extra_space_padded,False,"(2, 4)"
500,0021_1221,"(39.9756258917499, 51.82446134044834, 0)","(32, 32)",0.09459808446057769,0,extra_space_padded,False,"(2, 4)"
501,0021_1222,"(35.396796912161555, 54.485853814108935, 0)","(32, 32)",0.2239121372135597,0,extra_space_padded,False,"(2, 4)"
502,0021_2002,"(51.479612288446894, 47.51845044091778, 0)","(32, 32)",0.13611856003679443,0,extra_space_padded,False,"(2, 4)"
503,0021_2010,"(28.31793930249904, 43.33814137630464, 0)","(32, 32)",0.016096676229962036,0,extra_space_padded,False,"(2, 4)"
504,0021_2011,"(38.644156972297125, 48.27965340472495, 0)","(32, 32)",0.1738098295428305,0,extra_space_padded,False,"(2, 4)"
505,0021_2012,"(45.99446568525706, 50.90148525963774, 0)","(32, 32)",0.05041160051513323,0,extra_space_padded,False,"(2, 4)"
506,0021_2020,"(46.84891513011856, 48.80787615820235, 0)","(32, 32)",0.2147967535601561,0,extra_space_padded,False,"(2, 4)"
507,0021_2021,"(44.1808319035841, 49.859837209578814, 0)","(32, 32)",0.059058036594866345,0,extra_space_padded,False,"(2, 4)"
508,0021_2022,"(45.46230635950419, 51.78002745296373, 0)","(32, 32)",0.10243074183346175,0,extra_space_padded,False,"(2, 4)"
509,0021_2101,"(33.813508783483, 46.95063065838318, 0)","(32, 32)",0.19475210296056422,0,extra_space_padded,False,"(2, 4)"
510,0021_2102,"(45.19604042413157, 50.23826601348735, 0)","(32, 32)",0.1696170389980648,0,extra_space_padded,False,"(2, 4)"
511,0021_2110,"(37.33318054172551, 50.43354791366535, 0)","(32, 32)",0.035880720371822945,0,extra_space_padded,False,"(2, 4)"
512,0021_2111,"(37.39508721833208, 50.37813324427218, 0)","(32, 32)",0.08502293903289584,0,extra_space_padded,False,"(2, 4)"
513,0021_2112,"(40.68493449126498, 52.34668669256273, 0)","(32, 32)",0.07953063975107955,0,extra_space_padded,False,"(2, 4)"
514,0021_2120,"(33.48893790945919, 49.99361846245126, 0)","(32, 32)",0.026468429062762408,0,extra_space_padded,False,"(2, 4)"
515,0021_2121,"(53.271350803952615, 53.02135817665676, 0)","(32, 32)",0.07957439199256718,0,extra_space_padded,False,"(2, 4)"
516,0021_2122,"(38.92494784151355, 53.962949892486144, 0)","(32, 32)",0.08159372649898734,0,extra_space_padded,False,"(2, 4)"
517,0021_2200,"(33.89522886915327, 48.59694943656523, 0)","(32, 32)",7.288959751067089e-09,-1,extra_space_padded,False,"(2, 4)"
518,0021_2201,"(43.41641501258411, 50.16149503249491, 0)","(32, 32)",0.09140643062404075,0,extra_space_padded,False,"(2, 4)"
519,0021_2202,"(51.80683766534979, 52.016316711169154, 0)","(32, 32)",0.014596677955358343,0,extra_space_padded,False,"(2, 4)"
520,0021_2210,"(40.50656438419578, 50.04463092948718, 0)","(32, 32)",0.1537955054631452,0,extra_space_padded,False,"(2, 4)"
521,0021_2211,"(38.41821283454024, 52.18375471301058, 0)","(32, 32)",0.15195312028978517,0,extra_space_padded,False,"(2, 4)"
522,0021_2212,"(33.84875320257413, 53.714743299666786, 0)","(32, 32)",0.08743433689784824,0,extra_space_padded,False,"(2, 4)"
523,0021_2220,"(37.35217122398243, 51.658037129638466, 0)","(32, 32)",0.10525715173679802,0,extra_space_padded,False,"(2, 4)"
524,0021_2221,"(35.04157075176275, 54.55503322441024, 0)","(32, 32)",0.19754092531569983,0,extra_space_padded,False,"(2, 4)"
525,0021_2222,"(47.43779264072094, 55.35940300105403, 0)","(32, 32)",0.37069683280231774,0,extra_space_padded,False,"(2, 4)"
526,0022_0101,"(64.4445562047352, 44.17821392973224, 0)","(32, 32)",3.739969108491562e-07,-1,extra_space_padded,False,"(2, 4)"
527,0022_0102,"(36.46922606607118, 47.56573849802361, 0)","(32, 32)",0.2092555086051009,0,extra_space_padded,False,"(2, 4)"
528,0022_0111,"(51.66750238372682, 47.30870657896731, 0)","(32, 32)",0.04945203204058277,0,extra_space_padded,False,"(2, 4)"
529,0022_0112,"(45.927484533650045, 50.02707264023737, 0)","(32, 32)",0.14089464985695635,0,extra_space_padded,False,"(2, 4)"
530,0022_0121,"(32.57668257194619, 50.68941639146278, 0)","(32, 32)",0.13276111676859637,0,extra_space_padded,False,"(2, 4)"
531,0022_0122,"(36.205325789395474, 51.6504967327952, 0)","(32, 32)",2.2609529472081063e-07,-1,extra_space_padded,False,"(2, 4)"
532,0022_0201,"(51.93875015718709, 48.55010751216118, 0)","(32, 32)",0.1339144314914811,0,extra_space_padded,False,"(2, 4)"
533,0022_0202,"(51.717693309330684, 50.33490460562174, 0)","(32, 32)",0.04880149247121085,0,extra_space_padded,False,"(2, 4)"
534,0022_0211,"(55.458176912075885, 50.49289460001476, 0)","(32, 32)",0.0423950908861875,0,extra_space_padded,False,"(2, 4)"
535,0022_0212,"(45.094578059882465, 51.18473246308461, 0)","(32, 32)",0.022747383944687907,0,extra_space_padded,False,"(2, 4)"
536,0022_0220,"(27.07421526692659, 49.35110254547707, 0)","(32, 32)",1.3798762177775468e-07,-1,extra_space_padded,False,"(2, 4)"
537,0022_0221,"(40.52415111039983, 51.135510703817964, 0)","(32, 32)",0.06714126973013945,0,extra_space_padded,False,"(2, 4)"
538,0022_0222,"(41.47581967664036, 53.14458459214185, 0)","(32, 32)",0.02819728387149888,0,extra_space_padded,False,"(2, 4)"
539,0022_1010,"(43.58640512585171, 44.1230646591239, 0)","(32, 32)",0.0973662753126811,0,extra_space_padded,False,"(2, 4)"
540,0022_1011,"(36.491769896296894, 47.0045602185814, 0)","(32, 32)",0.16904195888624868,0,extra_space_padded,False,"(2, 4)"
541,0022_1012,"(39.47414647226985, 50.91702434272735, 0)","(32, 32)",1.3712504901061982e-12,-1,extra_space_padded,False,"(2, 4)"
542,0022_1020,"(37.793649646083914, 47.547401307404485, 0)","(32, 32)",0.19958555031680517,0,extra_space_padded,False,"(2, 4)"
543,0022_1021,"(45.3412658695664, 50.54993809933145, 0)","(32, 32)",0.13434324961386324,0,extra_space_padded,False,"(2, 4)"
544,0022_1022,"(36.205205334085086, 51.650398840392526, 0)","(32, 32)",5.738682507500433e-07,-1,extra_space_padded,False,"(2, 4)"
545,0022_1101,"(44.87795194970151, 47.783809894973814, 0)","(32, 32)",0.041602604131721836,0,extra_space_padded,False,"(2, 4)"
546,0022_1102,"(42.815396362947375, 49.59584647443141, 0)","(32, 32)",0.04362605170577575,0,extra_space_padded,False,"(2, 4)"
547,0022_1110,"(38.932092281278806, 48.21052335948614, 0)","(32, 32)",0.15485071948130957,0,extra_space_padded,False,"(2, 4)"
548,0022_1111,"(39.88848211603726, 50.38777569788003, 0)","(32, 32)",0.08687763973325897,0,extra_space_padded,False,"(2, 4)"
549,0022_1112,"(36.15666337072936, 52.761443418847904, 0)","(32, 32)",0.0544506047124355,0,extra_space_padded,False,"(2, 4)"
550,0022_1120,"(46.57997204316107, 51.148907572656555, 0)","(32, 32)",0.0042314354919394635,0,extra_space_padded,False,"(2, 4)"
551,0022_1121,"(37.062876439907214, 52.58206931564989, 0)","(32, 32)",0.095330798015451,0,extra_space_padded,False,"(2, 4)"
552,0022_1122,"(29.76281546044943, 52.81705304289137, 0)","(32, 32)",0.04632259090327882,0,extra_space_padded,False,"(2, 4)"
553,0022_1201,"(28.821500854240856, 49.67918607465042, 0)","(32, 32)",0.020606919645830658,0,extra_space_padded,False,"(2, 4)"
554,0022_1202,"(37.64730490428254, 51.56650346968062, 0)","(32, 32)",0.06061618862052959,0,extra_space_padded,False,"(2, 4)"
555,0022_1210,"(39.39161059059167, 49.606594487967534, 0)","(32, 32)",0.12297771956664645,0,extra_space_padded,False,"(2, 4)"
556,0022_1211,"(53.94746348767602, 51.82867858672039, 0)","(32, 32)",2.0358812834368388e-07,-1,extra_space_padded,False,"(2, 4)"
557,0022_1212,"(40.255308243929946, 54.5620667990119, 0)","(32, 32)",0.10542213102438917,0,extra_space_padded,False,"(2, 4)"
558,0022_1220,"(36.0842336547328, 50.95732414711047, 0)","(32, 32)",0.05534160155712678,0,extra_space_padded,False,"(2, 4)"
559,0022_1221,"(38.09614247904215, 53.830997714787195, 0)","(32, 32)",0.15674915010537266,0,extra_space_padded,False,"(2, 4)"
560,0022_1222,"(45.68130153283255, 55.33744508772631, 0)","(32, 32)",0.09212067496646383,0,extra_space_padded,False,"(2, 4)"
561,0022_2010,"(39.60824636948028, 45.99788599531368, 0)","(32, 32)",0.2639916920200413,0,extra_space_padded,False,"(2, 4)"
562,0022_2011,"(49.72182976042954, 50.654570485081784, 0)","(32, 32)",0.14246600370573953,0,extra_space_padded,False,"(2, 4)"
563,0022_2012,"(39.540910574282634, 51.06841730151179, 0)","(32, 32)",0.05015876847937769,0,extra_space_padded,False,"(2, 4)"
564,0022_2020,"(51.717693309331295, 50.33490460562171, 0)","(32, 32)",0.048801492471217324,0,extra_space_padded,False,"(2, 4)"
565,0022_2021,"(46.91473894302958, 52.46029895549128, 0)","(32, 32)",0.05420178247853391,0,extra_space_padded,False,"(2, 4)"
566,0022_2022,"(41.47581967517488, 53.144584592168336, 0)","(32, 32)",0.02819728387079711,0,extra_space_padded,False,"(2, 4)"
567,0022_2101,"(48.08768519857533, 50.367658774000176, 0)","(32, 32)",0.11032393982259786,0,extra_space_padded,False,"(2, 4)"
568,0022_2102,"(27.222913852526037, 50.04510474952663, 0)","(32, 32)",1.1978938818457434e-11,-1,extra_space_padded,False,"(2, 4)"
569,0022_2110,"(50.373556033140055, 50.06171014996322, 0)","(32, 32)",0.08961616099045663,0,extra_space_padded,False,"(2, 4)"
570,0022_2111,"(42.403485608081226, 51.9263801869693, 0)","(32, 32)",0.06271512384799463,0,extra_space_padded,False,"(2, 4)"
571,0022_2112,"(36.03955615552604, 52.69076782818826, 0)","(32, 32)",0.11946937565644254,0,extra_space_padded,False,"(2, 4)"
572,0022_2120,"(40.089047403873984, 50.88457320685641, 0)","(32, 32)",0.033758230068495675,0,extra_space_padded,False,"(2, 4)"
573,0022_2121,"(36.329737393406795, 52.687052275156084, 0)","(32, 32)",0.03793655886797026,0,extra_space_padded,False,"(2, 4)"
574,0022_2122,"(37.645738721860425, 56.53904413016791, 0)","(32, 32)",0.1268364894062986,0,extra_space_padded,False,"(2, 4)"
575,0022_2201,"(36.54151752717717, 50.82983300922869, 0)","(32, 32)",0.07592889452368584,0,extra_space_padded,False,"(2, 4)"
576,0022_2202,"(38.51006194892909, 53.432291942186666, 0)","(32, 32)",0.16430934329136698,0,extra_space_padded,False,"(2, 4)"
577,0022_2210,"(40.048165387487366, 51.29254574095869, 0)","(32, 32)",0.09644743160097619,0,extra_space_padded,False,"(2, 4)"
578,0022_2211,"(34.16256174365634, 54.623177693774366, 0)","(32, 32)",0.2842560244495828,0,extra_space_padded,False,"(2, 4)"
579,0022_2212,"(47.973419934969606, 56.847401277282316, 0)","(32, 32)",0.22001655400846126,0,extra_space_padded,False,"(2, 4)"
580,0022_2220,"(38.51006194892988, 53.43229194218679, 0)","(32, 32)",0.1643093432914131,0,extra_space_padded,False,"(2, 4)"
581,0022_2221,"(42.642097570405305, 55.81086280009508, 0)","(32, 32)",0.2005760055805227,0,extra_space_padded,False,"(2, 4)"
582,0022_2222,"(38.780613188210914, 55.894630368665474, 0)","(32, 32)",0.3659552411220104,0,extra_space_padded,False,"(2, 4)"
583,0101_0102,"(53.01637717274312, 41.79662006957489, 0)","(32, 32)",1.3570459295717093e-11,-1,extra_space_padded,False,"(2, 4)"
584,0101_0111,"(51.100701689014905, 42.00816032230502, 0)","(32, 32)",0.04288429117569908,0,extra_space_padded,False,"(2, 4)"
585,0101_0112,"(42.55834613228682, 43.20538452192416, 0)","(32, 32)",1.071550017258713e-10,-1,extra_space_padded,False,"(2, 4)"
586,0101_0121,"(53.07186827609002, 44.348564430436944, 0)","(32, 32)",0.13956508304476342,0,extra_space_padded,False,"(2, 4)"
587,0101_0122,"(42.998539801766015, 48.28141560717088, 0)","(32, 32)",0.1147017740745996,0,extra_space_padded,False,"(2, 4)"
588,0101_0211,"(41.56865750921889, 45.31346065244068, 0)","(32, 32)",2.229290426715633e-07,-1,extra_space_padded,False,"(2, 4)"
589,0101_0212,"(42.41789229798328, 46.053622952661506, 0)","(32, 32)",0.07523858208011164,0,extra_space_padded,False,"(2, 4)"
590,0101_0221,"(52.8471196986666, 48.65474740451651, 0)","(32, 32)",0.06275447402188576,0,extra_space_padded,False,"(2, 4)"
591,0101_0222,"(34.921635036567956, 49.07462464609179, 0)","(32, 32)",0.03998252529728016,0,extra_space_padded,False,"(2, 4)"
592,0101_1011,"(49.57270197773219, 43.98443410426381, 0)","(32, 32)",1.1651933798579089e-12,-1,extra_space_padded,False,"(2, 4)"
593,0101_1012,"(40.19058544275582, 45.12244334918116, 0)","(32, 32)",0.09043184763023171,0,extra_space_padded,False,"(2, 4)"
594,0101_1020,"(33.352353996917216, 42.32906109811164, 0)","(32, 32)",0.00017078811860807885,0,extra_space_padded,False,"(2, 4)"
595,0101_1021,"(49.595575631811734, 45.74158596392119, 0)","(32, 32)",0.050830678559737025,0,extra_space_padded,False,"(2, 4)"
596,0101_1022,"(42.608586281587385, 49.1648377776916, 0)","(32, 32)",0.11449903824869213,0,extra_space_padded,False,"(2, 4)"
597,0101_1112,"(35.382053278808634, 48.478433904093286, 0)","(32, 32)",0.09132897967445097,0,extra_space_padded,False,"(2, 4)"
598,0101_1120,"(45.94832327317453, 47.001660897262994, 0)","(32, 32)",0.09570785601704851,0,extra_space_padded,False,"(2, 4)"
599,0101_1121,"(55.44056399121848, 48.84443869874963, 0)","(32, 32)",0.045072251065869054,0,extra_space_padded,False,"(2, 4)"
600,0101_1122,"(48.80526686576658, 50.91020592997673, 0)","(32, 32)",0.049367020219072244,0,extra_space_padded,False,"(2, 4)"
601,0101_1220,"(39.88365327928318, 48.81252866440472, 0)","(32, 32)",1.664509590428227e-12,-1,extra_space_padded,False,"(2, 4)"
602,0101_1221,"(50.30600192727327, 50.01768071399042, 0)","(32, 32)",6.315251222313447e-08,-1,extra_space_padded,False,"(2, 4)"
603,0101_1222,"(37.03489880632114, 51.59995845252812, 0)","(32, 32)",3.480574463273454e-08,-1,extra_space_padded,False,"(2, 4)"
604,0101_2021,"(36.75165069077056, 46.04376498869815, 0)","(32, 32)",0.10200160021101215,0,extra_space_padded,False,"(2, 4)"
605,0101_2022,"(40.57003276598877, 49.2799841031519, 0)","(32, 32)",0.09841270224772523,0,extra_space_padded,False,"(2, 4)"
606,0101_2122,"(35.60739526604933, 52.839473426623954, 0)","(32, 32)",0.11106198906066718,0,extra_space_padded,False,"(2, 4)"
607,0102_0111,"(35.91711114985856, 45.777335252213604, 0)","(32, 32)",7.122680017474078e-13,-1,extra_space_padded,False,"(2, 4)"
608,0102_0112,"(32.84449959664693, 50.9726874068089, 0)","(32, 32)",4.494403478081371e-09,-1,extra_space_padded,False,"(2, 4)"
609,0102_0121,"(41.859746277898154, 47.842392944540194, 0)","(32, 32)",0.11903182411217195,0,extra_space_padded,False,"(2, 4)"
610,0102_0122,"(43.15932349229943, 50.604187361076335, 0)","(32, 32)",0.1416743332295833,0,extra_space_padded,False,"(2, 4)"
611,0102_0202,"(49.15374335359369, 48.915922664895504, 0)","(32, 32)",0.10866081317583441,0,extra_space_padded,False,"(2, 4)"
612,0102_0211,"(45.61950782805864, 49.634010941191455, 0)","(32, 32)",0.10962201227032844,0,extra_space_padded,False,"(2, 4)"
613,0102_0212,"(47.61681131431526, 50.51964607001181, 0)","(32, 32)",0.06241714543892079,0,extra_space_padded,False,"(2, 4)"
614,0102_0221,"(49.91242034640292, 51.04505609249149, 0)","(32, 32)",0.10760175393448765,0,extra_space_padded,False,"(2, 4)"
615,0102_0222,"(47.45874312055454, 51.68046531865988, 0)","(32, 32)",0.042883849261870666,0,extra_space_padded,False,"(2, 4)"
616,0102_1011,"(43.60567462056043, 45.03819100501744, 0)","(32, 32)",5.861718577257953e-11,-1,extra_space_padded,False,"(2, 4)"
617,0102_1012,"(39.72482579463997, 47.64846140688864, 0)","(32, 32)",0.3384619868953227,0,extra_space_padded,False,"(2, 4)"
618,0102_1020,"(35.64035828587517, 43.829125888769134, 0)","(32, 32)",0.26671927346557356,0,extra_space_padded,False,"(2, 4)"
619,0102_1021,"(63.847166746042454, 49.94158288034839, 0)","(32, 32)",0.10039298337231554,0,extra_space_padded,False,"(2, 4)"
620,0102_1022,"(42.879437356838565, 49.635788483055244, 0)","(32, 32)",0.04032685920505458,0,extra_space_padded,False,"(2, 4)"
621,0102_1101,"(41.56735196958278, 45.31678197709231, 0)","(32, 32)",5.3909044086132594e-11,-1,extra_space_padded,False,"(2, 4)"
622,0102_1102,"(38.03341086310957, 50.72296509766773, 0)","(32, 32)",2.3600567345814946e-07,-1,extra_space_padded,False,"(2, 4)"
623,0102_1110,"(43.141678013921776, 45.43344429287581, 0)","(32, 32)",0.07582735711774338,0,extra_space_padded,False,"(2, 4)"
624,0102_1111,"(36.03634245996435, 50.247996149779986, 0)","(32, 32)",0.04728870721998985,0,extra_space_padded,False,"(2, 4)"
625,0102_1112,"(36.3596804482787, 50.9069875858023, 0)","(32, 32)",0.04623230089586071,0,extra_space_padded,False,"(2, 4)"
626,0102_1120,"(40.52267495460542, 47.602262227769614, 0)","(32, 32)",0.1302323828570985,0,extra_space_padded,False,"(2, 4)"
627,0102_1121,"(44.72963681667333, 51.36297963743246, 0)","(32, 32)",0.06660135090754239,0,extra_space_padded,False,"(2, 4)"
628,0102_1122,"(33.58880748924581, 52.05066957474549, 0)","(32, 32)",0.06358116697210564,0,extra_space_padded,False,"(2, 4)"
629,0102_1201,"(49.47571732718422, 50.40370790367627, 0)","(32, 32)",0.03223739663789765,0,extra_space_padded,False,"(2, 4)"
630,0102_1202,"(45.61320138906359, 52.20380524232399, 0)","(32, 32)",0.028079686123597243,0,extra_space_padded,False,"(2, 4)"
631,0102_1210,"(38.86097792704433, 47.158853925802255, 0)","(32, 32)",0.16364944312442423,0,extra_space_padded,False,"(2, 4)"
632,0102_1211,"(37.58940710363079, 50.705803638611584, 0)","(32, 32)",0.07761376357886952,0,extra_space_padded,False,"(2, 4)"
633,0102_1212,"(33.88990435815875, 51.875872182614465, 0)","(32, 32)",0.045405334460174106,0,extra_space_padded,False,"(2, 4)"
634,0102_1220,"(63.26583155505319, 49.21772520097201, 0)","(32, 32)",0.10274033701872683,0,extra_space_padded,False,"(2, 4)"
635,0102_1221,"(45.813657675088955, 52.03237736483324, 0)","(32, 32)",0.1300703854373595,0,extra_space_padded,False,"(2, 4)"
636,0102_1222,"(33.28540172476476, 53.973973148969826, 0)","(32, 32)",0.19257996288288884,0,extra_space_padded,False,"(2, 4)"
637,0102_2011,"(46.26371218625405, 48.4495456053846, 0)","(32, 32)",0.1348308065830925,0,extra_space_padded,False,"(2, 4)"
638,0102_2012,"(60.33686106510493, 50.840597361243454, 0)","(32, 32)",0.08724479843308544,0,extra_space_padded,False,"(2, 4)"
639,0102_2020,"(54.116064915898235, 49.79242682815544, 0)","(32, 32)",0.07242447761403606,0,extra_space_padded,False,"(2, 4)"
640,0102_2021,"(40.70653496804493, 49.552273594358596, 0)","(32, 32)",0.20052593963522122,0,extra_space_padded,False,"(2, 4)"
641,0102_2022,"(43.0383795547225, 51.4603551217525, 0)","(32, 32)",0.044895034579569226,0,extra_space_padded,False,"(2, 4)"
642,0102_2101,"(37.31841276910946, 48.078941303093536, 0)","(32, 32)",0.16780730810186412,0,extra_space_padded,False,"(2, 4)"
643,0102_2102,"(40.60379773605971, 50.92805400463888, 0)","(32, 32)",6.505614255259094e-09,-1,extra_space_padded,False,"(2, 4)"
644,0102_2110,"(44.855488492497926, 49.261185140216035, 0)","(32, 32)",0.17317104798569866,0,extra_space_padded,False,"(2, 4)"
645,0102_2111,"(35.8470906881609, 50.12812034445053, 0)","(32, 32)",0.18131599407530263,0,extra_space_padded,False,"(2, 4)"
646,0102_2112,"(38.173082049225386, 52.0135746369642, 0)","(32, 32)",0.12033617491160042,0,extra_space_padded,False,"(2, 4)"
647,0102_2120,"(51.15907240837249, 50.98038300685127, 0)","(32, 32)",0.05782379875202009,0,extra_space_padded,False,"(2, 4)"
648,0102_2121,"(39.47309991934439, 53.366324371693665, 0)","(32, 32)",0.09058754722842677,0,extra_space_padded,False,"(2, 4)"
649,0102_2122,"(35.13442697448583, 54.4945510991615, 0)","(32, 32)",0.18547161097418607,0,extra_space_padded,False,"(2, 4)"
650,0102_2201,"(43.62076089566806, 50.0145318069478, 0)","(32, 32)",0.07930046710517094,0,extra_space_padded,False,"(2, 4)"
651,0102_2202,"(37.306581740991454, 51.49575701599538, 0)","(32, 32)",1.75015857338455e-09,-1,extra_space_padded,False,"(2, 4)"
652,0102_2210,"(38.29224003579205, 49.50172731982398, 0)","(32, 32)",0.0841723019375312,0,extra_space_padded,False,"(2, 4)"
653,0102_2211,"(38.375469147679446, 52.57645581805002, 0)","(32, 32)",0.004999513087303545,0,extra_space_padded,False,"(2, 4)"
654,0102_2212,"(29.455990327468403, 53.26733124771083, 0)","(32, 32)",0.0809014221954544,0,extra_space_padded,False,"(2, 4)"
655,0102_2220,"(39.95819143691565, 51.2207555239561, 0)","(32, 32)",0.13204935501846152,0,extra_space_padded,False,"(2, 4)"
656,0102_2221,"(33.666817322279975, 53.51574842215501, 0)","(32, 32)",0.10782616775768546,0,extra_space_padded,False,"(2, 4)"
657,0102_2222,"(48.154594381444326, 56.416028924822044, 0)","(32, 32)",0.15357479004240276,0,extra_space_padded,False,"(2, 4)"
658,0111_0112,"(32.60655198563164, 50.12822361240631, 0)","(32, 32)",2.3530652486811314e-08,-1,extra_space_padded,False,"(2, 4)"
659,0111_0121,"(35.098781496248655, 48.35604764485264, 0)","(32, 32)",0.09094348464778217,0,extra_space_padded,False,"(2, 4)"
660,0111_0122,"(42.79902127904085, 50.568049081509294, 0)","(32, 32)",0.05292067756687503,0,extra_space_padded,False,"(2, 4)"
661,0111_0202,"(38.23560112156723, 47.32634692973862, 0)","(32, 32)",0.09422830470807389,0,extra_space_padded,False,"(2, 4)"
662,0111_0211,"(26.98886292684917, 50.22061870551932, 0)","(32, 32)",0.01651894795463742,0,extra_space_padded,False,"(2, 4)"
663,0111_0212,"(44.3667377085812, 52.12237824212713, 0)","(32, 32)",0.0440848870125746,0,extra_space_padded,False,"(2, 4)"
664,0111_0221,"(40.8790668612513, 50.53152298911656, 0)","(32, 32)",0.07155153121779394,0,extra_space_padded,False,"(2, 4)"
665,0111_0222,"(34.408433602029845, 52.101243231065645, 0)","(32, 32)",0.13729908002198743,0,extra_space_padded,False,"(2, 4)"
666,0111_1011,"(39.60745455934366, 45.09803243495371, 0)","(32, 32)",1.7038579966829604e-08,-1,extra_space_padded,False,"(2, 4)"
667,0111_1012,"(48.444536606469, 49.67164306694254, 0)","(32, 32)",0.08073625213621186,0,extra_space_padded,False,"(2, 4)"
668,0111_1021,"(59.88627137818651, 49.19242269697396, 0)","(32, 32)",0.028661631155439654,0,extra_space_padded,False,"(2, 4)"
669,0111_1022,"(38.32807232502845, 50.69407685463892, 0)","(32, 32)",0.16387262204404524,0,extra_space_padded,False,"(2, 4)"
670,0111_1102,"(43.36261938267185, 50.15915033318506, 0)","(32, 32)",0.0641531841178733,0,extra_space_padded,False,"(2, 4)"
671,0111_1111,"(44.84115045172555, 49.28906342580524, 0)","(32, 32)",0.11596421960424977,0,extra_space_padded,False,"(2, 4)"
672,0111_1112,"(48.478648780960945, 52.015375932069624, 0)","(32, 32)",0.1504155550355163,0,extra_space_padded,False,"(2, 4)"
673,0111_1120,"(49.92922753830564, 48.79735955907256, 0)","(32, 32)",0.14508167820394152,0,extra_space_padded,False,"(2, 4)"
674,0111_1121,"(36.661217326142996, 50.10016118357442, 0)","(32, 32)",0.08668083919516176,0,extra_space_padded,False,"(2, 4)"
675,0111_1122,"(35.57416865334743, 53.78440439144006, 0)","(32, 32)",0.11410764151431929,0,extra_space_padded,False,"(2, 4)"
676,0111_1201,"(33.395778103232686, 50.57967050470582, 0)","(32, 32)",1.8330620183201376e-09,-1,extra_space_padded,False,"(2, 4)"
677,0111_1202,"(48.93632012790645, 51.0132126513457, 0)","(32, 32)",0.05711540232434188,0,extra_space_padded,False,"(2, 4)"
678,0111_1210,"(45.052995086208576, 50.251186872792616, 0)","(32, 32)",1.530625064913077e-07,-1,extra_space_padded,False,"(2, 4)"
679,0111_1211,"(35.509770374398, 50.62429802894795, 0)","(32, 32)",1.8292976975719992e-10,-1,extra_space_padded,False,"(2, 4)"
680,0111_1212,"(36.218949391409154, 52.71669364656506, 0)","(32, 32)",0.0634950145509848,0,extra_space_padded,False,"(2, 4)"
681,0111_1220,"(33.83590178732032, 50.594991585472656, 0)","(32, 32)",0.0681424624800723,0,extra_space_padded,False,"(2, 4)"
682,0111_1221,"(41.552429303388855, 52.37543486373813, 0)","(32, 32)",0.19951698327503292,0,extra_space_padded,False,"(2, 4)"
683,0111_1222,"(39.9428929725105, 54.92553910244469, 0)","(32, 32)",4.987067432578093e-11,-1,extra_space_padded,False,"(2, 4)"
684,0111_2011,"(31.161766185946888, 49.97089198623278, 0)","(32, 32)",5.8694670685844885e-08,-1,extra_space_padded,False,"(2, 4)"
685,0111_2012,"(48.087432100979626, 50.61850288099668, 0)","(32, 32)",0.09739445217105813,0,extra_space_padded,False,"(2, 4)"
686,0111_2020,"(50.06970299099644, 47.31889945367531, 0)","(32, 32)",0.08123378603438844,0,extra_space_padded,False,"(2, 4)"
687,0111_2021,"(39.10672690079657, 50.49246011020425, 0)","(32, 32)",0.10741792297657338,0,extra_space_padded,False,"(2, 4)"
688,0111_2022,"(47.8597010995578, 52.27086243398376, 0)","(32, 32)",0.10420460492921145,0,extra_space_padded,False,"(2, 4)"
689,0111_2101,"(35.610261485847204, 47.93142303884155, 0)","(32, 32)",0.09938411681420813,0,extra_space_padded,False,"(2, 4)"
690,0111_2102,"(51.39797720260068, 50.45971423547913, 0)","(32, 32)",2.0472910939053834e-07,-1,extra_space_padded,False,"(2, 4)"
691,0111_2110,"(43.90520150201334, 49.82884900751961, 0)","(32, 32)",0.10061538894898675,0,extra_space_padded,False,"(2, 4)"
692,0111_2111,"(43.808398060775986, 50.707939114256796, 0)","(32, 32)",0.13830360664860242,0,extra_space_padded,False,"(2, 4)"
693,0111_2112,"(52.00042210452079, 52.63509863638833, 0)","(32, 32)",0.08967313498411124,0,extra_space_padded,False,"(2, 4)"
694,0111_2120,"(46.73733520840105, 51.10477845971071, 0)","(32, 32)",0.1385602778597268,0,extra_space_padded,False,"(2, 4)"
695,0111_2121,"(43.69036117894516, 53.05126609965517, 0)","(32, 32)",0.17686074716302952,0,extra_space_padded,False,"(2, 4)"
696,0111_2122,"(49.98568721271234, 55.183299908388946, 0)","(32, 32)",0.2753596428294934,0,extra_space_padded,False,"(2, 4)"
697,0111_2201,"(40.15245692517206, 51.7552342617155, 0)","(32, 32)",0.014582380682767059,0,extra_space_padded,False,"(2, 4)"
698,0111_2202,"(35.30412075415451, 52.04843053627749, 0)","(32, 32)",0.1637538343495867,0,extra_space_padded,False,"(2, 4)"
699,0111_2210,"(35.08424733293574, 50.076456319128084, 0)","(32, 32)",0.10222790280633652,0,extra_space_padded,False,"(2, 4)"
700,0111_2211,"(32.23346811284186, 53.4038959313087, 0)","(32, 32)",3.953962957000677e-08,-1,extra_space_padded,False,"(2, 4)"
701,0111_2212,"(45.1093070698666, 55.20565825371412, 0)","(32, 32)",0.14000711524817472,0,extra_space_padded,False,"(2, 4)"
702,0111_2220,"(39.333528198150006, 51.623936820884595, 0)","(32, 32)",0.09995578085181427,0,extra_space_padded,False,"(2, 4)"
703,0111_2221,"(30.144662006186483, 54.732846857080425, 0)","(32, 32)",0.27724157468693555,0,extra_space_padded,False,"(2, 4)"
704,0111_2222,"(46.1361372047186, 54.647079412977504, 0)","(32, 32)",0.12265016898378567,0,extra_space_padded,False,"(2, 4)"
705,0112_0121,"(40.92424287380953, 51.43980512628145, 0)","(32, 32)",0.025036028254650816,0,extra_space_padded,False,"(2, 4)"
706,0112_0122,"(53.532953378998535, 52.32335027919304, 0)","(32, 32)",0.021749757445312025,0,extra_space_padded,False,"(2, 4)"
707,0112_0202,"(44.916890761150704, 50.112861754818326, 0)","(32, 32)",0.04327225269972934,0,extra_space_padded,False,"(2, 4)"
708,0112_0211,"(42.07844883576712, 51.45855471485424, 0)","(32, 32)",0.0417312117240074,0,extra_space_padded,False,"(2, 4)"
709,0112_0212,"(47.14679492916197, 51.46679152483536, 0)","(32, 32)",0.030294108178282424,0,extra_space_padded,False,"(2, 4)"
710,0112_0221,"(32.67820464425871, 52.01118093098136, 0)","(32, 32)",0.0631573612256434,0,extra_space_padded,False,"(2, 4)"
711,0112_0222,"(35.91095812164904, 54.64057634052232, 0)","(32, 32)",0.1945875802662231,0,extra_space_padded,False,"(2, 4)"
712,0112_1012,"(51.65440555681707, 50.48314198180287, 0)","(32, 32)",0.13907282618284406,0,extra_space_padded,False,"(2, 4)"
713,0112_1021,"(40.88981272904759, 51.37002123025674, 0)","(32, 32)",0.1343086355498957,0,extra_space_padded,False,"(2, 4)"
714,0112_1022,"(43.856419137523844, 52.17494036722349, 0)","(32, 32)",1.6304171726224218e-08,-1,extra_space_padded,False,"(2, 4)"
715,0112_1102,"(36.014126134579854, 50.22316001933197, 0)","(32, 32)",0.04998602135383473,0,extra_space_padded,False,"(2, 4)"
716,0112_1111,"(28.854651272484983, 51.185176137081136, 0)","(32, 32)",1.1721053023126954e-07,-1,extra_space_padded,False,"(2, 4)"
717,0112_1112,"(32.96216188995285, 52.85547228878106, 0)","(32, 32)",0.13092867739877603,0,extra_space_padded,False,"(2, 4)"
718,0112_1120,"(51.66957973968244, 51.41696196879766, 0)","(32, 32)",0.1024780797348711,0,extra_space_padded,False,"(2, 4)"
719,0112_1121,"(31.704211570773985, 53.45552714132142, 0)","(32, 32)",0.09014934020663394,0,extra_space_padded,False,"(2, 4)"
720,0112_1122,"(34.18081810831406, 55.8945317110653, 0)","(32, 32)",0.22957712142545433,0,extra_space_padded,False,"(2, 4)"
721,0112_1202,"(38.81389421511855, 52.221955110630795, 0)","(32, 32)",0.05703956015851349,0,extra_space_padded,False,"(2, 4)"
722,0112_1210,"(38.01768538444547, 50.596486104789335, 0)","(32, 32)",0.14371069326427519,0,extra_space_padded,False,"(2, 4)"
723,0112_1211,"(42.96740128278197, 52.51558054781782, 0)","(32, 32)",0.048860210973446755,0,extra_space_padded,False,"(2, 4)"
724,0112_1212,"(38.05108425811835, 55.623858129606944, 0)","(32, 32)",0.14704166077034683,0,extra_space_padded,False,"(2, 4)"
725,0112_1220,"(41.89520001056432, 51.92040214507275, 0)","(32, 32)",0.16982984242890478,0,extra_space_padded,False,"(2, 4)"
726,0112_1221,"(34.123707256072436, 55.422984743927394, 0)","(32, 32)",0.22332936630848385,0,extra_space_padded,False,"(2, 4)"
727,0112_1222,"(38.10677231797591, 57.6325395858641, 0)","(32, 32)",0.2191176927408539,0,extra_space_padded,False,"(2, 4)"
728,0112_2012,"(37.41408694898714, 52.92232795324092, 0)","(32, 32)",0.03514234470512382,0,extra_space_padded,False,"(2, 4)"
729,0112_2020,"(57.01409884016423, 51.201444708103764, 0)","(32, 32)",0.03981386618872466,0,extra_space_padded,False,"(2, 4)"
730,0112_2021,"(39.0065938566488, 53.21541509573564, 0)","(32, 32)",0.11882463095365314,0,extra_space_padded,False,"(2, 4)"
731,0112_2022,"(37.20330610584467, 54.17126780843133, 0)","(32, 32)",0.1024780026850574,0,extra_space_padded,False,"(2, 4)"
732,0112_2101,"(73.11384528532398, 51.86280023442239, 0)","(32, 32)",6.006253930465371e-10,-1,extra_space_padded,False,"(2, 4)"
733,0112_2102,"(49.18669874915686, 52.26159675281086, 0)","(32, 32)",3.377649797560144e-13,-1,extra_space_padded,False,"(2, 4)"
734,0112_2110,"(63.85080170959332, 50.90450044992, 0)","(32, 32)",0.062185283222341944,0,extra_space_padded,False,"(2, 4)"
735,0112_2111,"(36.44410433383545, 53.36315243269868, 0)","(32, 32)",0.1837757863338867,0,extra_space_padded,False,"(2, 4)"
736,0112_2112,"(31.178745611772662, 54.584327926226244, 0)","(32, 32)",0.16062859025061033,0,extra_space_padded,False,"(2, 4)"
737,0112_2120,"(46.359140743002065, 52.86952767149926, 0)","(32, 32)",0.027455427109083025,0,extra_space_padded,False,"(2, 4)"
738,0112_2121,"(40.648061128817325, 55.38277827240285, 0)","(32, 32)",0.1455619661884184,0,extra_space_padded,False,"(2, 4)"
739,0112_2122,"(47.59658176478943, 55.12009295399427, 0)","(32, 32)",0.14311457206424485,0,extra_space_padded,False,"(2, 4)"
740,0112_2201,"(35.237563544369955, 52.15346755042754, 0)","(32, 32)",0.08202940124673497,0,extra_space_padded,False,"(2, 4)"
741,0112_2202,"(42.893249564303076, 53.49993665603294, 0)","(32, 32)",0.08084502119206134,0,extra_space_padded,False,"(2, 4)"
742,0112_2210,"(47.48974258375773, 53.13850233167467, 0)","(32, 32)",0.04529965268055169,0,extra_space_padded,False,"(2, 4)"
743,0112_2211,"(35.74035313343509, 55.53977680589314, 0)","(32, 32)",0.24819665471563032,0,extra_space_padded,False,"(2, 4)"
744,0112_2212,"(42.953683721888815, 55.693575291388996, 0)","(32, 32)",0.10896266176180541,0,extra_space_padded,False,"(2, 4)"
745,0112_2220,"(38.09746901067486, 54.423926169248894, 0)","(32, 32)",0.19977667584288705,0,extra_space_padded,False,"(2, 4)"
746,0112_2221,"(37.12921600150814, 55.95632896527745, 0)","(32, 32)",0.22844672075089517,0,extra_space_padded,False,"(2, 4)"
747,0112_2222,"(36.52928778277481, 60.44814142151134, 0)","(32, 32)",0.6223775595350943,0,extra_space_padded,False,"(2, 4)"
748,0121_0122,"(33.58560225669918, 52.493569386782305, 0)","(32, 32)",0.0500540249208793,0,extra_space_padded,False,"(2, 4)"
749,0121_0202,"(48.102406476186395, 49.48640967636103, 0)","(32, 32)",0.08031705345704841,0,extra_space_padded,False,"(2, 4)"
750,0121_0211,"(43.76547326497857, 50.4522685673304, 0)","(32, 32)",0.04234642964273212,0,extra_space_padded,False,"(2, 4)"
751,0121_0212,"(42.16462643212913, 53.956165208305464, 0)","(32, 32)",0.028040958826206146,0,extra_space_padded,False,"(2, 4)"
752,0121_0221,"(36.64769109676144, 51.596436420653376, 0)","(32, 32)",0.08048894153794382,0,extra_space_padded,False,"(2, 4)"
753,0121_0222,"(28.513404266539805, 53.81876568028921, 0)","(32, 32)",0.02636892733322677,0,extra_space_padded,False,"(2, 4)"
754,0121_1012,"(74.50881263144358, 51.56450087366257, 0)","(32, 32)",0.03934423443056033,0,extra_space_padded,False,"(2, 4)"
755,0121_1021,"(55.469769511814974, 51.78502437573872, 0)","(32, 32)",0.0870921013314474,0,extra_space_padded,False,"(2, 4)"
756,0121_1022,"(49.43928053536803, 51.8287940242998, 0)","(32, 32)",0.1234806162300763,0,extra_space_padded,False,"(2, 4)"
757,0121_1102,"(54.30612100433319, 50.632304306053186, 0)","(32, 32)",0.019719265628848306,0,extra_space_padded,False,"(2, 4)"
758,0121_1111,"(34.3432896941402, 50.568008447147264, 0)","(32, 32)",0.0750632539042079,0,extra_space_padded,False,"(2, 4)"
759,0121_1112,"(45.52181389267955, 52.338944992172095, 0)","(32, 32)",0.028251424661320454,0,extra_space_padded,False,"(2, 4)"
760,0121_1121,"(41.02044556537067, 53.125561336223775, 0)","(32, 32)",0.03053482041479458,0,extra_space_padded,False,"(2, 4)"
761,0121_1122,"(35.38784132090165, 55.32887188998035, 0)","(32, 32)",0.2288551023921269,0,extra_space_padded,False,"(2, 4)"
762,0121_1202,"(43.957532006473215, 52.91242496949916, 0)","(32, 32)",0.0940728737390226,0,extra_space_padded,False,"(2, 4)"
763,0121_1211,"(39.14093787783368, 53.12592310822381, 0)","(32, 32)",0.1612463368929699,0,extra_space_padded,False,"(2, 4)"
764,0121_1212,"(38.50031520044813, 54.99977282793048, 0)","(32, 32)",0.0863440126469238,0,extra_space_padded,False,"(2, 4)"
765,0121_1220,"(44.35670138024835, 52.55953065560477, 0)","(32, 32)",0.05114515863180569,0,extra_space_padded,False,"(2, 4)"
766,0121_1221,"(35.559954141581, 55.68827585475868, 0)","(32, 32)",0.21601320444047134,0,extra_space_padded,False,"(2, 4)"
767,0121_1222,"(45.16099420997506, 58.03162360101636, 0)","(32, 32)",0.2780627022290849,0,extra_space_padded,False,"(2, 4)"
768,0121_2012,"(59.43121310036714, 51.95801167740145, 0)","(32, 32)",0.021766028320193195,0,extra_space_padded,False,"(2, 4)"
769,0121_2020,"(45.9062568376699, 49.80700100419646, 0)","(32, 32)",0.0714125474114526,0,extra_space_padded,False,"(2, 4)"
770,0121_2021,"(43.76177603178016, 52.07185658662811, 0)","(32, 32)",0.15598119115121098,0,extra_space_padded,False,"(2, 4)"
771,0121_2022,"(35.742696118628835, 54.915188857647784, 0)","(32, 32)",0.16050473915960636,0,extra_space_padded,False,"(2, 4)"
